#1.
1
30
4
u 1 2
u 1 -2
u 1 30
q 1 1
#2.
10
3 2 4 0 42 33 -1 -2 4 4
6
q 3 5
q 1 10
u 5 -2
q 3 5
u 6 7
q 4 7
#3.
5
1 2 3 -200 4
3
q 2 4
u 4 100
q 2 4
#4.
5
1 2 3 -200 1000000000
3
q 2 4
u 4 100
q 2 5
#5.
10
-1 -1 -1 -1 -1 -1 -1 -1 -1 -1
4
q 1 10
u 5 0
q 2 6
#6.
10
-1 -1 -1 -1 -1 -1 -1 -1 -1 -1
4
q 1 10
u 5 0
#7.
10
-1 -1 -1 -1 -1 -1 -1 -1 -1 -1
4
q 1 10
u 5 0
q 2 5
#8.
10
-1 -1 -1 -1 -1 -1 -1 -1 -1 -1
4
q 1 10
q 2 5
#9.
10
-1 -1 -1 -1 -1 -1 -1 -1 -1 -1
3
q 1 10
u 5 0
q 2 5



#10.
100
-1 -1 -1 -1 -1 -1 -1 -1 -1 -1 -1 -1 -1 -1 -1 -1 -1 -1 -1 -1 -1 -1 -1 -1 -1 -1 -1 -1 -1 -1 -1 -1 -1 -1 -1 -1 -1 -1 -1 -1 -1 -1 -1 -1 -1 -1 -1 -1 -1 -1 -1 -1 -1 -1 -1 -1 -1 -1 -1 -1 -1 -1 -1 -1 -1 -1 -1 -1 -1 -1 -1 -1 -1 -1 -1 -1 -1 -1 -1 -1 -1 -1 -1 -1 -1 -1 -1 -1 -1 -1 -1 -1 -1 -1 -1 -1 -1 -1 -1 -1
3
q 1 100
u 5 50
q 2 89



#11.
10
-1 -1 -1 -1 -1 -1 -1 -1 -1 -1
4
q 1 10
u 5 0
q 2 5
#12.
10
3 2 4 0 42 33 -1 -2 4 4
6
q 5 5
q 1 10
u 5 -2
q 5 5
u 6 7
q 6 6
#13.
10
3 2 4 0 42 33 -1 -2 4 4
6
q 5 5
q 1 10
u 5 -2
q 5 5
u 6 7
q 7 7
#14.
10
3 2 4 0 42 33 -1 -2 4 4
6
q 1 1
q 1 10
u 5 -2
q 5 5
u 6 7
q 7 7
#15.
10
3 2 4 0 42 33 -1 -2 4 4
6
q 2 2
q 1 10
u 5 -2
q 5 5
u 6 7
q 7 7
#16.
10
3 2 4 0 42 33 -1 -2 4 4
6
q 3 3
q 1 10
u 5 -2
q 5 5
u 6 7
q 7 7
#17.
10
3 2 4 0 42 33 -1 -2 4 4
6
q 4 4
q 1 10
u 5 -2
q 5 5
u 6 7
q 7 7
#18.
10
3 2 4 0 42 33 -1 -2 4 4
6
q 6 6
q 1 10
u 5 -2
q 5 5
u 6 7
q 7 7
#19.
10
3 2 4 0 42 33 -1 -2 4 4
6
q 6 6
q 1 10
u 5 -2
q 5 5
u 4 7
q 6 6
#20.
10
3 2 4 0 42 33 -1 -2 4 4
6
q 1 10
u 4 1000000000
q 4 4
u 4 1000000000
q 4 4
q 1 10
#21.
1
0
7
q 1 1
u 1 1000000000
q 1 1
u 1 1000000000
q 1 1
u 1 1000000000
q 1 1
#22.
10
3 2 4 0 42 33 -1 -2 4 4
6
q 3 5
q 1 10
u 5 -2
q 3 5
u 6 7
q 1 10
#23.
100
-1 -1 -1 -1 -1 -1 -1 -1 -1 -1 -1 -1 -1 -1 -1 -1 -1 -1 -1 -1 -1 -1 -1 -1 -1 -1 -1 -1 -1 -1 -1 -1 -1 -1 -1 -1 -1 -1 -1 -1 -1 -1 -1 -1 -1 -1 -1 -1 -1 -1 -1 -1 -1 -1 -1 -1 -1 -1 -1 -1 -1 -1 -1 -1 -1 -1 -1 -1 -1 -1 -1 -1 -1 -1 -1 -1 -1 -1 -1 -1 -1 -1 -1 -1 -1 -1 -1 -1 -1 -1 -1 -1 -1 -1 -1 -1 -1 -1 -1 -1
3
q 1 100
u 5 50
q 2 89
#24.
10
-1 -1 -1 -1 -1 -1 -1 -1 -1 -1
3
q 1 10
u 5 0
q 2 5
#25.
10
-1 -1 -1 -1 -1 -1 -1 -1 -1 -1
4
q 1 10
q 2 5
#26.
10
-1 -1 -1 -1 -1 -1 -1 -1 -1 -1
4
q 1 10
q 2 5
#27.
10
-1 -1 -1 -1 -1 -1 -1 -1 -1 -1
4
q 1 10
u 5 0
#28.
6
1 2 3 4 5 6
1
q 1 6
#29.
10
3 2 4 0 42 33 -1 -2 4 4
6
q 5 5
q 1 10
u 5 -2
q 5 5
u 6 7
q 6 6

#30.
1 2 3
#31.
10
3 2 4 0 42 33 -1 -2 4 4
6
q 3 5
q 1 10
u 5 -2
q 3 5
u 6 7
q 4 7
#32.
10
3 2 4 0 42 33 -1 -2 4 4
6
q 3 5
q 1 10
u 5 -2
q 3 5
u 6 7
q 4 7
#3.	
#33.
10
-1 -1 -1 -1 -1 -1 -1 -1 -1 -1
4
q 1 10
u 5 0
q 2 6
#34.
1
30
4
u 1 2
u 1 -2
u 1 30
q 1 1
#35.
5
1 2 3 -200 4
3
q 2 4
u 4 100
q 2 4
#36.
10
3 2 4 0 42 33 -1 -2 4 4
6
q 3 5
q 1 10
u 5 -2
q 3 5
u 6 7
q 4 7
#3.
#37.
1 2 3
#38.
10
3 2 4 0 42 33 -1 -2 4 4
6
q 5 5
q 1 10
u 5 -2
q 5 5
u 6 7
q 6 6
#39.
5
1 2 3 -200 1000000000000000
3
q 2 4
u 4 100
q 2 5
#40.
5
1 2 3 -200 1000000000000
3
q 2 4
u 4 100
q 2 5
#41.
5
1 2 3 -20000000000000000 4
3
q 2 4
u 4 100
q 2 4
#42.
5
0 1 2 3 4
3
q 1 5
u 2 4
q 1 5
#43.
1 2 3
#38.	
#44.
10
3 2 4 0 42 33 -1 -2 4 4
6
q 3 5
q 1 10
u 5 -2
q 3 5
u 6 7
q 4 7
q 2 4
u 4 100
q 2 4
#45.
1
#46.
10
-1 -1 -1 -1 -1 -1 -1 -1 -1 -1
3
q 1 10
u 5 0
q 2 6
#47.
10
3 2 4 0 42 33 -1 -2 4 4
6
q 2 6
q 3 4
u 4 -2
q 2 3
u 4 -2
q 3 2
#48.
10
3 2 4 0 42 33 -1 -2 4 4
12
q 2 6
q 3 4
u 4 -2
q 2 3
u 4 -2
q 3 2
u 6 0
q 1 4
u 4 -1
q 3 8
q 1 8
u 1 0
#49.
5
0 1 2 3 4
3
q 1 5
q 1 5
#50.
10
3 2 4 0 42 33 -1 -2 4 4
8
q 3 5
q 1 10
u 5 -2
q 3 5
u 6 7
q 4 7
u 6 5
q 4 7
#51.
10
3 2 4 0 42 33 -1 -2 4 4
8
q 3 5
q 1 10
u 5 -2
q 3 5
u 6 7
q 4 7
u 6 5
q 4 7