#1.
60
#2.
245
890
243
559
#3.
-777
-677
#4.
-777
705031833
#5.
-100
-35
#7.
-100
-24
#9.
-100
-24
#10.
-10000
-7870
#11.
-100
-24
#13.
219
890
217
77
#14.
3
890
217
77
#15.
7
890
217
77
#16.
17
890
217
77
#17.
9
890
217
77
#18.
249
890
217
77
#19.
249
890
217
249
#20.
890
1000000009
2000000009
2000000890
#21.
0
1000000000
2000000000
-1294967296
#22.
245
890
243
895
#23.
-10000
-7870
#24.
-100
-24
#25.
-100
-24
#27.
-100
#29.
219
890
217
256
#30.
0
0
0
0
#33.
-100
-35
#35.
-777
-677
#36.
245
890
243
559
#37.
0
0
0
0
#40.
-777
2147482772
#41.
23
123
#42.
50
54
