#0.
7
8
6
#1.
7
8
6
#2.
17
26126
26126
571570
546109
571570
571553
#3.
17
26126
26126
571570
546109
571570
571553
#4.
10
#5.
17
26126
26126
571570
546109
571570
571553
10
#6.
432
434
434
533
576
489
390
417
457
457
359
357
378
12
10
#7.
3896
3896
10594
10594
10594
24485
36487
41031
61569
84258
87059
98927
110853
122338
132328
149694
176988
190145
207945
230732
243857
249510
257448
257448
257448
265380
270130
278058
287446
291236
298704
344926
350414
369451
376165
377172
377172
379504
393392
404047
406651
406651
417684
417684
433399
435922
455866
468183
493047
508920
513009
520341
520341
530940
543464
546922
546922
546922
555689
567122
596756
596756
613003
617535
620378
627221
633334
643877
652556
676591
677697
687190
702332
702332
703331
703331
713270
713270
721031
728512
738241
752839
752839
764213
775382
781635
792496
802864
822113
822113
834626
839188
839188
839646
852585
852585
890510
898571
908708
915068
936234
936234
961145
969154
979035
985865
1003572
1012955
1012955
1022977
1022977
1038187
1039420
1044692
1068039
1076635
1088456
1088456
1088456
1103572
1103572
1114000
1117224
1123835
1123835
1132424
1137110
1143377
1143377
1169010
1177050
1178551
1185591
1204916
1212207
1244163
1262974
1271875
1296465
1304076
1318773
1334005
1342305
1356706
1360958
1383246
1389523
1389523
1392231
1394959
1409215
1419483
1443950
1451281
1464056
1467336
1467336
1475766
1492151
1509790
1525099
1526396
1536258
1547871
1545098
1574453
1576776
1576776
1581308
1575440
1577253
1579378
1579986
1581059
1590796
1604070
1619228
1625327
1636696
1649638
1652763
1659920
1667102
1675514
1688066
1692503
1692503
1697830
1700517
1729650
1743495
1736836
1755249
1772141
1781991
1781991
1806665
1822860
1845813
1859616
1859616
1867442
1874349
1891705
1903283
1903283
1909659
1926071
1938187
1942158
1971530
1981537
1987698
1992063
1992063
1997467
2020265
2044563
2052761
2056565
2069018
2072115
2073452
2073452
2081710
2095412
2098097
2097016
2113078
2120519
2140291
2154447
2179513
2194830
2195665
2205658
2219196
2228967
2241933
2249932
2259920
2261666
2282695
2285474
2285474
2303085
2315917
2320076
2320076
2321991
2333154
2342809
2364745
2379895
2402312
2416559
2417827
2417827
2424565
2446990
2462921
2471751
2491025
2497949
2497949
2507048
2522928
2536186
2545301
2546446
2546446
2551301
2560731
2578798
2578798
2588075
2594669
2599210
2600936
2607743
2624445
2633151
2633975
2636483
2664845
2661837
2670241
2681208
2685846
2693971
2693971
2695634
2701536
2711429
2711429
2718840
2740092
2748292
2768040
2783157
2787144
2788633
2796904
2797950
2808630
2808630
2808630
2831554
2832566
2845265
2849215
2874148
2893148
2893148
2909708
2936054
2940561
2959671
2973945
3005738
3012550
3013768
3033006
3039876
3039876
3048998
3048998
3053177
3053177
3058104
3058104
3058104
3067318
3078125
3078125
3076720
3078331
3107170
3120589
3120916
3142566
3147965
3157877
3163759
3188285
3188285
3201587
3201587
3201587
3206216
3212374
3232319
3241786
3257431
3258564
3267315
3279912
3299434
3306048
3315841
3315841
3337426
3379784
3385184
3386218
3397960
3402279
3402279
3416006
3443648
3445331
3453829
3454916
3459295
3466188
3481539
3499278
3512626
3524060
3528388
3548642
3548642
3548642
3570440
3572477
3578436
3588723
3594453
3603511
3603511
3603511
3603511
3609456
3630022
3635903
3640620
3640620
3642729
3648161
3654270
3657495
3659663
3661925
3669725
3676997
3706096
3706096
3707159
3716866
3734647
3745127
3751394
3767465
3776019
3785453
3797348
3811861
3821519
3830308
3830308
3830776
3832963
3840507
3844211
3849172
3865382
3868367
3877310
3877310
3897960
3898358
3898358
3908100
3917876
3926653
3937534
3947741
3947741
3960500
3973510
3985895
3991825
4003636
4026430
4032202
4046724
4046724
4070967
4070967
4074927
4074927
4091523
4091554
4099312
4111197
4112095
4113906
4123590
4119200
4129461
4137144
4138416
4140267
4143475
4151310
4155961
4160351
4180294
4189857
4196254
4196888
4203581
4206901
4208366
4230487
4230487
4230487
4237490
4245946
4245946
4251397
4251397
4251397
4276386
4288767
4298516
4302422
4312240
4319873
4325233
4335941
4351004
4358802
4380517
4401477
4414399
4424380
4427827
4444966
4453981
4464063
4488430
4500800
4502288
4511463
4511463
4511463
4511463
4518544
4523704
4528777
4565886
4577912
4585099
4587566
4600688
4616990
4617543
4627102
4627803
4643861
4655707
4664099
4685520
4693533
4693533
4709525
4727908
4747047
4747047
4774711
4782101
4788853
4800750
4800750
4817586
4826039
4843829
4864481
4866459
4861573
4852539
4855785
4855785
4867983
4874271
4886102
4886406
4892437
4907646
4931903
4934124
4943361
4947692
4950118
4966059
4973059
4988725
4997406
5010622
5010520
5016619
5020115
5020115
5029642
5029642
5029642
5034668
5062818
5073242
5076599
5084108
5100713
5107254
5107254
5106008
5121887
5135071
5150047
5153470
5162440
5169614
5169614
5172556
5182611
5199711
5214199
5228104
5228622
5237631
5261757
5273336
5290438
5301870
5302998
5302998
5315220
5315220
5323290
5338238
5353227
5355878
5374262
5374262
5382419
5385526
5399279
5404309
5408029
5408029
5421536
5440261
5447335
5458174
5460719
5483093
5493856
5493856
5497605
5525081
5534720
5541673
5551529
5573777
5573777
5580133
5581087
5573125
5573125
5592209
5592209
5600678
5612082
5612082
5627486
5632819
5648367
5648367
5642962
5648543
5668709
5686133
5700143
5722729
5724158
5733964
5756323
5758968
5773418
5773418
5785802
5784018
5795171
5798627
5803142
5803142
5803936
5813804
5829609
5833413
5860693
5860693
5862861
5879229
5882583
5891356
5891356
5908044
5911405
5933433
5956609
5957880
5969311
5973284
5988193
6001324
6003553
6010416
6021889
6032835
6046660
6081358
6096579
6123222
6123222
6142158
6146263
6161236
6168659
6174144
6186111
6204926
6206457
6217418
6218421
6230306
6246070
6246070
6247348
6275758
6275758
6275758
6285581
6288418
6291089
6305117
6310279
6322071
6335309
6342352
6350784
6352765
6363981
6372207
6386230
6389415
6390050
6390050
6409234
6431021
6435599
6441944
6455715
6467286
6467286
6475427
6478652
6488659
6497723
6497723
6503969
6511129
6544936
6549499
6558822
6555433
6559798
6567035
6583330
6597810
6605541
6609295
6630646
6647727
6654332
6662295
6662295
6691961
6691961
6691961
6704247
6704247
6722969
6729608
6729608
6736464
6746076
6755341
6763429
6780896
6793734
6801609
6810468
6818896
6818896
6849241
6849675
6849541
6851888
6864789
6880924
6898269
6898269
6900539
6900245
6914600
6925569
6933406
6945891
6946977
6947956
6948474
6948474
6970463
6970463
6970463
6976564
6985370
6999733
7007443
7016604
7011260
7015515
7015515
7032816
7051338
7058309
7060426
7078050
7079375
7099089
7101564
7111492
7112770
7127786
7136113
7137429
7137429
7137909
7157520
7160151
7167837
7167837
7182001
7190365
7208442
7210106
7251170
7247079
7255445
7270739
7276667
7276667
7279209
7278735
7288511
7307210
7307210
7314784
7314784
7329506
7333615
7335920
7352188
7372608
7381609
7385422
7385842
7385842
7398192
7409896
7425778
7449516
7457049
7467808
7460675
7467826
7481809
7478532
7491008
7500921
7527742
7527742
7537456
7572238
7592740
7602564
7609696
7620260
7623727
7635261
7643285
7634809
7649176
7649423
7672025
7688919
7697082
7699164
7702007
7735101
7744742
7752872
7753842
7753842
7761688
7772386
7772386
7772386
7781212
7792324
7812893
7816978
7831345
7846370
7858620
7867479
7877170
7886505
7898573
7903306
7910408
7916156
7916156
7918305
7923005
7945077
7947034
7947034
7949375
7952076
7952076
7957331
7964397
7973361
7988963
7988849
8005683
8011096
8011096
8020971
8026056
8041900
8050221
8065829
8071391
8089058
8116767
8130641
8137282
8145351
8150915
8152861
8156169
8156830
8165593
8165593
8179930
8187223
8189227
8197762
8202679
8208899
8200952
8200952
8200952
8212175
8212175
8202910
8201372
8201372
8201791
8211113
8213937
8217412
8217412
8231176
8231356
8246977
8246977
8257265
8269275
8273321
8280013
8276948
8279624
8294022
8322330
8328493
8328493
8328493
8364617
8366291
8379507
8384372
8385149
8380078
8383808
8383808
8391886
8392268
8392268
8392268
8392399
8392399
8393855
8414574
8429044
8438203
8458044
8468254
8468254
8470955
8480620
8480620
8480620
8489277
8499859
8499859
8499859
8511567
8525386
8517545
8514468
8523175
8528150
8537549
8546361
8549513
8567487
8567487
8574385
8581783
8591268
8589794
8589794
8594523
8597847
8606501
8606501
8609164
8625335
8636795
8636795
8637115
8666099
8671686
8676622
8690795
8705533
8721411
8735291
8740363
8746347
8746347
8758040
8780775
8790873
8811206
8819238
8825425
8827280
8845715
8842881
8847247
8847247
8863355
8867430
8877386
8884077
8889494
8890459
8897215
8897215
8897215
8911724
8917464
8921900
8921900
8931979
8942887
8955539
8954099
8970474
8978109
8978109
8990244
8993698
9002744
9005443
9009151
9008909
9015051
9007959
9007959
9023258
9032848
9032848
9043621
9048657
9055359
9056913
9065266
9065446
9067817
9077797
9077797
9087069
9072532
9086305
9084925
9107987
9126214
9123348
9140832
9140832
9159529
9164896
9166114
9175180
9199433
9193494
9190011
9201140
9213654
9240359
9235895
9237697
9248055
9251854
9251854
9264641
9264641
9280022
9280022
9283343
9302702
9313495
9320726
9327614
9341907
9351097
9374898
9376510
9383819
9383819
9394166
9389373
9406503
9420814
9427355
9471755
9487931
9489902
9518113
9521779
9530966
9538874
9542268
9542843
9556832
9565411
9580756
9586447
9586447
9588306
9588306
9588306
9601480
9623393
9631651
9635306
9640349
9650033
9654817
9668455
9674023
9683695
9683812
9719735
9746941
9752867
9775808
9775808
9776192
9786466
9792629
9794795
9801264
9809467
9827040
9834774
9843542
9843542
9843542
9851705
9845234
9846753
9865186
9862642
9870595
9870595
9873486
9873486
9882072
9904129
9916117
9923029
9934162
9954841
9962158
9963056
9981954
9981954
9981954
10018315
10033566
10058341
10060397
10051785
10057360
10062383
10082928
10093611
10103126
10111265
10126849
10136362
10152665
10158584
10162276
10167237
10183832
10188957
10209068
10209068
10209805
10214371
10224730
10231865
10237308
10239064
10257358
10281496
10299559
10321468
10328068
10341845
10342380
10341554
10350539
10368734
10368734
10371804
10379735
10389127
10389127
10393753
10411675
10419832
10429067
10431179
10430244
10457590
10457590
10458074
10459621
10471145
10477699
10503933
10516252
10516252
10517271
10510215
10530901
10534929
10547610
10547739
10558405
10571794
10571794
10567453
10575290
10577432
10596785
10609627
10614928
10620041
10626510
10636455
10639417
10641205
10653593
10654938
10667169
10677857
10683844
10691254
10703574
10708981
10707693
10722940
10724900
10732626
10738454
10742030
10742030
10752217
10755088
10762171
10759319
10767414
10775175
10785196
10792104
10803104
10803104
10830404
10830672
10846252
10868590
10877426
10882921
10885662
10894558
10904599
10926273
10934356
10945341
10949986
10955093
10981171
10988270
11001905
11018369
11025425
11033079
11046083
11062739
11078777
11077516
11084522
11081026
11089091
11100502
11114850
11118309
11136839
11161251
11161992
11171331
11171331
11194255
11203988
11203988
11218664
11234061
11236855
11244906
11237602
11242703
11242363
11263579
11274329
11278495
11286004
11301481
11302157
11311840
11307405
11303675
11311719
11311103
11319276
11314077
11343804
11351890
11363561
11386069
11386069
11403961
11403961
11430291
11437106
11443002
11449170
11458831
11473934
11499970
11507035
11507654
11523573
11536214
11541788
11541115
11543295
11560222
11580490
11598972
11610926
11629796
11640092
11645965
11673882
11677648
11688188
11691686
11699325
11699325
11706790
11720020
11714935
11723290
11722227
11734226
11743148
11751170
11760045
11776633
11785049
11793702
11804468
11810264
11816218
11827559
11837766
11841966
11843922
11848949
11872216
11885389
11880247
11892615
11890906
11884916
11893473
11900695
11900695
11906389
11915874
11917660
11913883
11929795
11930701
11932792
11939188
11942941
11953911
11977721
11979136
11988951
11995891
11995891
12013207
12017965
12017965
12044323
12044800
12053947
12055721
12065491
12085082
12092246
12095688
12104833
12107640
12128462
12157474
12161797
12176463
12174835
12174835
12167266
12175593
12181843
12199010
12211857
12239323
12240793
12260052
12268317
12274509
12274865
12280110
12292208
12311967
12318162
12318162
12323849
12329263
12329698
12338971
12345042
12345042
12332863
12348384
12348384
12348228
12348228
12341376
12341376
12341376
12355108
12366347
12366347
12377594
12394112
12405530
12412210
12421078
12420306
12420338
12423684
12439267
12453384
12449069
12463896
12467448
12474910
12487359
12498571
12500479
12497169
12509286
12515010
12528452
12538383
12548930
12550039
12556503
12561248
12568499
12578255
12586539
12587842
12579048
12588224
12588224
12594773
12593172
12612566
12612566
12621914
12636247
12643365
12643365
12653206
12656801
12657630
12671674
12677972
12677972
12682998
12703406
12700833
12706436
12713716
12713716
12730662
12757298
12760419
12769842
12779171
12778971
12786667
12786667
12795455
12800680
12800680
12800680
12800680
12808407
12818674
12827376
12830867
12821983
12821983
12833400
12850222
12859541
12863292
12863292
12870467
12880661
12892409
12905797
12904863
12916000
12918255
12926650
12941748
12948480
12951252
12952352
12958973
12966787
12968604
12970154
12982655
12988041
12990660
13011480
13029649
13035881
13049691
13049691
13061800
13068706
13075358
13079513
13085356
13090103
13097012
13102128
13110230
13104905
13115564
13118265
13125626
13138242
13157792
13171225
13164219
13164390
13178804
13179333
13184070
13183955
13196877
13198419
13205076
13217233
13222247
13229049
13238009
13239539
13231664
13236208
13248995
13258193
13267626
13267626
13270928
13285667
13292241
13292241
13287707
13303198
13312077
13315814
13323798
13328948
13328948
13326064
13326064
13326064
13327449
13334076
13347984
13369000
13387749
13396831
13429882
13436038
13429762
13433807
13439511
13444307
13445719
13452094
13462080
13470539
13480010
13485851
13490904
13498433
13501198
13501198
13521713
13530995
13532786
13539617
13539617
13562912
13576053
13582177
13579057
13593442
13593442
13587119
13598460
13607347
13615194
13615194
13632654
13637969
13641430
13658122
13669195
13678427
13681915
13695958
13701209
13692091
13710880
13716342
13710479
13728674
13733680
13743036
13756338
13755845
13767026
13775099
13785943
13793192
13805919
13834701
13834701
13832534
13838351
13861838
13862653
13869114
13877331
13891667
13896261
13911121
13924547
13923974
13933025
13939483
13940043
13940043
13944616
13944616
13954829
13959632
13971518
13982423
13994128
14001073
14009972
14010799
14015811
14020985
14026143
14038102
14038102
14038102
14039162
14073971
14082467
14082467
14089288
14095597
14096211
14103260
14103260
14103260
14131366
14143944
14144700
14143596
14166201
14174077
14198484
14206868
14206868
14209254
14209254
14215211
14210188
14210188
14210188
14201893
14208279
14218695
14228141
14242986
14242986
14245876
14254869
14265114
14273076
14290548
14298905
14320880
14320741
14328972
14344139
14348071
14350781
14355170
14365634
14371258
14371258
14375294
14374932
14382220
14393177
14384351
14391030
14408382
14409351
14426185
14438460
14439153
14439153
14449215
14459913
14462681
14468424
14468424
14479155
14485634
14499671
14503895
14513200
14534471
14538928
14557146
14551249
14568788
14579825
14588216
14595871
14609976
14610463
14618147
14633689
14645830
14650348
14652517
14662576
14662576
14662970
14672577
14674794
14675046
14688960
14700786
14691934
14698972
14698972
14721705
14722305
14734716
14734695
14751207
14751207
14746634
14755459
14763020
14757802
14757802
14764026
14764026
14761754
14771983
14778257
14773448
14777900
14775494
14785596
14801869
14797317
14803483
14813965
14813965
14814783
14829170
14829170
14830838
14830838
14845078
14849365
14848921
14856190
14857890
14857890
14857890
14866047
14876722
14876722
14873925
14878532
14881067
14882745
14889242
14900431
14899293
14905121
14911970
14918414
14937794
14939554
14939554
14945768
14970635
14972764
14978082
14988343
15005753
15021458
15024518
15012461
15025268
15042496
15058915
15058915
15074441
15074441
15068971
15086600
15087759
15090066
15101516
15095455
15091386
15101748
15115263
15118810
15132248
15145591
15157048
15159667
15159667
15183144
15191438
15197720
15212644
15229858
15236183
15247594
15254366
15254366
15261941
15268913
15275190
15275190
15278352
15276514
15276582
15282951
15298411
15298180
15298180
15309772
15322511
15318057
15336669
15336669
15349399
15352374
15361440
15370918
15377616
15389152
15389166
15400091
15409402
15425352
15441160
15455201
15453051
15478229
15482941
15487463
15487463
15499183
15507791
15513498
15515143
15513254
15505246
15505246
15495278
15512044
15506643
15514986
15535528
15535528
15543263
15555168
15558369
15558369
15586568
15602616
15600491
15612707
15620210
15620210
15623291
15630876
15630876
15647190
15664117
15678629
15676367
15682426
15690221
15694273
15703569
15712544
15718655
15727042
15746234
15749064
15757691
15764523
15752930
15753208
15753208
15758056
15759716
15773340
15779287
15779287
15780568
15770067
15775173
15775527
15791792
15797759
15805440
15791662
15804151
15807922
15806881
15797032
15810482
15811117
15820145
15832028
15855588
15881974
15881974
15887868
15887868
15877650
15874987
15880995
15889759
15899684
15911284
15922677
15926340
15921840
15923700
15928224
15939146
15947651
15939737
15941357
15953990
15955293
15951008
15962425
15962425
15961794
15969788
15962366
15965617
15968102
15968102
15970922
15971197
15971454
15971454
15968610
15976742
15986063
15998655
16003097
15991440
16008509
16019422
16024317
16024317
16024317
16030273
16055227
16055666
16062381
16071998
16066585
16075241
16072509
16093776
16093776
16110068
16111456
16105067
16099707
16113519
16118024
16138996
16148754
16163134
16159457
16172574
16179257
16184215
16184177
16184177
16190029
16208767
16227412
16238678
16245732
16238579
16238579
16253856
16253856
16257843
16260230
16260230
16266348
16281559
16290514
16290776
16290584
16299525
16305163
16309058
16317036
16316906
16324343
16326025
16320922
16333729
16342271
16342271
16347305
16359128
16356110
16351578
16352399
16357559
16357559
16368425
16374037
16384953
16393683
16399193
16399193
16407911
16413097
16417511
16417678
16411341
16407053
16414128
16416575
16419905
16421609
16431514
16417830
16417046
16412809
16422059
16422059
16422059
16420700
16420700
16435941
16433830
16450372
16452024
16447994
16455912
16472576
16489257
16496665
16493248
16502814
16510676
16529942
16538169
16531700
16539451
16548399
16569234
16590709
16590709
16602019
16608147
16617019
16617019
16620855
16622065
16633030
16646967
16646967
16646967
16654767
16676509
16680462
16680462
16685005
16686656
16699032
16726103
16740387
16738881
16742541
16744079
16747800
16739177
16747823
16753551
16759318
16770069
16777217
16776184
16785181
16786794
16780692
16786889
16796786
16798549
16798549
16800547
16813495
16815426
16828642
16837848
16852798
16865868
16887585
16895956
16907118
16913934
16931073
16953146
16965648
16980939
16983028
16983028
16984333
16984333
17008517
17026656
17038077
17048386
17042113
17054793
17060664
17059766
17089496
17107575
17104495
17114036
17114268
17112142
17106560
17112395
17124335
17136953
17146132
17146132
17153424
17175139
17180626
17183557
17190848
17191098
17202036
17212596
17222179
17222179
17228074
17230758
17242629
17257180
17252467
17261498
17270145
17287229
17289314
17298700
17297695
17297695
17303515
17302723
17312842
17330056
17345810
17352815
17385680
17402939
17403044
17403044
17407035
17413468
17421118
17425323
17425323
17425323
17413478
17421822
17435338
17450000
17444561
17438695
17442063
17461029
17461029
17479196
17480864
17473045
17462891
17458402
17460502
17470847
17470847
17470847
17467252
17475430
17475430
17481345
17481630
17481630
17492951
17492951
17498618
17498276
17499711
17500961
17510060
17530300
17530300
17537234
17540627
17540633
17540633
17552425
17552425
17577472
17586744
17602158
17602158
17602158
17612750
17618861
17634664
17634664
17637414
17637414
17642798
17651477
17650198
17658675
17655788
17655788
17670208
17691945
17698735
17690623
17696141
17692273
17718669
17723065
17737286
17741663
17757792
17758787
17762197
17788193
17803524
17822467
17831639
17831510
17834307
17841946
17840609
17849262
17848958
17847520
17849580
17849580
17883223
17883223
17883968
17886058
17896529
17924389
17928442
17935794
17936518
17946282
17954189
17952108
17957345
17966848
17973277
17971955
17976834
17988990
17998947
18006360
18012517
18022341
18022341
18032039
18032039
18032169
18041178
18053466
18057378
18069227
18069113
18067693
18073906
18071216
18076871
18083417
18083417
18110137
18113300
18119102
18133374
18148555
18152037
18158235
18158235
18150974
18157164
18157164
18155579
18164192
18166656
18172779
18178849
18187136
18199784
18200152
18196826
18206966
18211674
18215465
18215465
18227841
18266886
18281902
18291983
18294593
18304986
18308417
18304603
18304603
18305083
18303645
18313470
18321486
18347002
18347722
18352747
18343853
18346190
18342332
18342332
18337617
18338327
18356137
18353916
18350673
18356305
18354414
18348579
18350826
18355676
18354738
18355157
18362759
18366836
18361241
18361241
18361241
18374527
18376089
18376089
18385785
18399413
18406102
18412947
18435651
18438433
18459853
18467994
18474319
18474319
18466146
18481097
18473730
18486495
18480912
18475746
18484784
18484784
18484872
18477111
18486015
18504007
18504897
18511313
18511313
18513307
18510264
18519352
18529305
18530385
18527943
18527443
18531906
18546051
18536076
18546216
18558867
18562820
18555659
18568441
18568441
18566799
18585539
18585539
18577573
18583062
18596787
18604586
18620446
18634768
18636323
18627588
18627588
18633949
18644538
18649057
18647458
18658417
18659309
18658192
18669750
18669750
18687708
18689593
18698852
18707955
18714150
18719231
18723847
18736236
18745920
18738601
18753138
18761183
18763658
18763658
18779706
18789495
18797685
18808432
18800237
18819226
18815035
18813759
18814143
18812758
18826070
18817726
18841914
18847431
18847431
18859981
18868483
18854357
18834624
18845998
18854738
18866080
18873933
18881517
18890183
18898836
18902758
18911200
18935925
18931289
18931289
18938808
18938808
18949473
18976110
18977910
18991280
18993268
19007375
19002717
19014977
19015224
19020483
19026477
19029138
19029574
19022020
19024711
19026158
19017976
19019275
19012504
19003524
19006695
19004285
19004781
19001672
19001672
19012133
19025868
19036355
19040172
19040172
19042151
19049993
19049993
19055149
19061224
19076142
19080580
19074865
19074074
19074074
19089117
19094473
19094473
19094473
19094473
19099948
19100523
19100523
19096056
19105322
19105144
19133592
19134285
19124327
19141670
19149360
19145217
19145217
19147846
19147432
19147432
19154076
19158978
19156254
19155911
19162563
19156318
19156318
19162005
19161593
19161672
19147427
19155508
19163034
19189293
19198326
19202313
19204634
19210108
19190796
19204818
19226936
19226936
19234853
19252059
19252484
19262982
19262982
19270480
19270694
19286688
19279175
19286484
19290716
19278315
19281759
19281759
19281759
19292239
19289495
19293473
19291040
19288790
19304360
19319106
19327885
19330573
19353299
19353299
19353299
19364379
19358269
19358813
19383260
19387220
19387435
19394454
19402024
19406465
19415764
19435328
19436733
19441962
19450885
19443459
19443734
19438287
19452906
19463807
19475645
19485064
19488924
19483641
19498703
19511702
19513293
19520077
19519711
19519711
19522432
19529338
19536219
19549865
19554889
19556957
19591381
19589168
19598223
19595501
19599374
19623779
19647366
19651955
19663156
19663851
19679089
19680296
19690738
19697727
19692773
19692718
19692718
19690981
19690981
19696126
19717451
19732649
19729457
19720430
19713388
19733074
19738576
19750511
19748646
19741694
19737170
19738518
19754458
19754458
19762665
19771462
19775817
19783676
19783676
19791281
19813188
19817998
19821111
19821111
19813105
19819718
19833402
19833402
19833946
19833948
19840454
19839286
19850554
19862326
19871343
19880205
19888764
19892003
19872848
19875266
19888531
19905831
19914216
19921668
19917938
19931229
19937493
19935468
19935468
19934221
19945698
19936176
19941681
19955600
19961057
19955285
19940363
19952661
19957154
19964647
19964647
19985940
19998935
19998935
19998935
20005824
20009065
20009065
20013130
20016216
20028540
20040053
20060108
20060843
20076621
20076621
20102161
20120012
20120012
20125395
20129742
20130904
20140621
20148545
20148545
20154655
20159211
20165333
20173156
20182673
20192532
20187608
20205205
20214548
20224270
20252718
20252718
20247471
20238716
20255706
20262480
20249403
20245707
20245707
20269753
20269837
20280665
20294545
20305256
20290517
20290464
20293756
20293756
20299417
20324160
20317318
20308063
20318590
20318590
20318590
20318590
20323849
20327012
20336377
20342134
20355998
20351405
20361874
20379406
20388579
20385242
20387519
20380192
20385667
20392008
20392008
20395630
20396574
20409154
20418963
20434118
20433569
20427932
20433460
20442877
20476773
20479237
20487795
20491161
20492349
20485735
20489678
20488380
20513316
20513316
20515050
20531759
20526723
20526723
20527944
20522261
20519114
20508662
20520619
20518028
20531918
20532149
20546107
20555675
20555675
20569452
20573829
20573829
20581477
20597930
20605074
20605074
20595181
20602149
20603898
20611948
20611948
20606132
20612818
20639252
20639252
20640034
20643808
20643808
20649274
20650272
20649875
20656894
20652219
20658399
20660911
20668344
20678994
20672447
20672447
20674316
20683725
20678204
20696071
20706859
20719514
20731568
20737056
20737287
20741590
20741590
20745088
20746569
20754280
20758741
20759448
20766422
20766422
20775893
20778879
20779100
20776573
20800092
20815134
20824875
20832191
20833866
20842095
20852388
20857675
20853574
20853554
20861803
20855027
20858275
20855404
20852070
20860509
20887631
20873749
20875625
20885336
20885336
20890476
20889974
20866492
20876224
20870197
20871890
20856791
20863957
20870943
20871211
20870491
20870491
20875994
20869561
20869561
20872981
20872981
20887453
20898207
20935007
20943541
20946549
20946549
20946549
20957868
20952949
20956329
20967047
20956398
20956398
20977994
20977994
20993544
21000807
21009358
21009358
21014049
21023521
21016619
21018224
21018818
21024427
21043820
21055814
21059716
21061835
21063043
21063043
21059332
21059332
21059332
21053037
21056572
21056572
21076236
21084217
21084217
21086060
21095210
21100080
21112196
21105178
21108323
21111435
21105193
21104480
21121564
21125624
21132345
21154748
21146234
21153401
21152086
21160571
21161568
21170794
21166565
21178054
21178054
21178054
21187876
21188574
21187129
21195629
21189618
21194506
21197699
21203443
21211360
21217921
21217921
21226387
21226805
21228176
21230042
21230042
21230579
21228764
21235806
21249845
21230958
21231664
21247052
21244163
21242656
21252484
21252484
21255912
21259483
21258880
21258418
21257683
21257683
21251609
21259097
21245224
21247996
21248893
21252732
21276116
21296092
21286384
21289064
21289138
21294973
21304427
21318493
21318493
21309980
21314873
21327802
21332259
21331361
21323861
21339268
21338594
21338594
21357057
21364453
21373685
21364837
21381607
21403598
21396145
21423372
21430032
21435457
21443310
21452685
21443739
21443739
21444697
21444697
21441092
21458948
21465839
21472769
21477192
21483179
21484074
21476195
21473393
21496792
21500706
21496101
21502215
21502215
21512131
21523380
21523380
21519408
21519408
21523682
21523682
21537902
21540821
21541111
21557105
21554867
21549987
21558671
21552845
21558669
21558669
21558669
21565599
21560341
21577176
21569695
21569452
21570531
21576912
21577800
21587824
21598083
21606433
21613846
21620087
21611434
21617323
21623889
21628097
21623874
21614696
21614696
21613254
21627533
21627533
21638414
21643144
21657054
21654572
21662808
21655764
21650952
21661088
21657676
21659962
21658311
21658311
21658497
21671720
21675972
21686117
21694825
21700056
21709106
21711790
21706581
21710858
21723972
21735337
21739069
21736650
21736650
21734415
21740329
21740329
21749240
21754690
21778916
21791478
21794510
21806547
21808544
21793346
21815669
21838950
21834642
21840526
21870424
21882941
21888565
21883945
21883945
21895073
21901159
21934295
21936218
21936218
21928063
21933981
21942465
21936522
21945147
21945042
21937101
21928915
21948730
21942852
21935849
21935849
21935849
21954736
21965230
21964550
21965015
21979366
21975925
21969044
21970024
21982899
21990982
21988170
22004551
22009732
21999361
21988842
21996928
21996928
22006385
22010503
22020999
22024649
22032877
22024396
22028396
22019876
22017017
22022463
22034969
22047053
22052440
22060501
22055420
22053948
22057375
22067286
22059975
22058429
22061053
22052799
22069578
22084300
22077199
22077199
22083583
22084861
22094703
22094703
22103770
22104052
22104052
22119858
22130666
22130666
22126856
22112977
22112977
22115621
22114271
22124062
22124062
22140291
22147937
22153182
22150734
22150734
22163461
22163648
22153548
22146178
22152821
22166053
22168478
22168478
22168478
22178070
22184794
22187727
22199284
22218342
22232782
22232782
22242794
22232323
22240464
22249221
22269190
22260955
22266552
22275471
22274643
22268794
22268794
22288836
22293446
22293446
22309698
22303826
22311364
22303840
22303840
22306559
22319301
22324033
22315297
22322734
22322616
22325409
22335267
22346631
22339216
22335910
22332944
22328914
22334339
22356999
22363414
22375330
22375507
22375507
22363886
22368935
22369930
22369930
22377768
22373493
22376239
22384023
22375176
22386105
22395342
22397010
22409232
22400509
22401960
22399261
22398086
22411406
22401994
22400090
22410371
22409310
22408251
22412046
22401735
22413572
22411940
22425030
22425030
22461207
22468127
22495639
22502345
22502345
22516725
22516725
22517527
22509190
22526637
22539062
22551156
22541387
22538981
22527161
22527161
22547472
22540362
22536448
22529115
22520865
22535527
22535211
22527953
22543556
22536633
22533542
22533542
22534579
22525259
22525259
22525259
22525259
22535959
22543638
22545885
22553815
22554637
22562250
22577147
22569141
22585965
22604156
22616323
22617067
22624010
22617958
22619337
22627963
22636242
22633385
22632146
22636737
22632274
22640138
22640882
22646985
22629922
22634888
22626260
22640652
22632976
22638750
22638106
22638106
22648896
22658222
22658434
22661113
22668242
22665448
22665448
22658050
22659831
22668048
22669813
22686892
22689884
22689409
22691704
22696902
22696902
22695131
22699992
22686206
22693509
22703945
22711945
22714806
22714806
22708819
22717183
22720924
22726921
22736765
22739306
22752192
22754706
22748119
22750379
22754104
22765905
22773065
22761453
22771544
22767241
22763010
22778429
22787083
22793795
22799399
22813834
22813834
22815543
22810461
22814184
22814184
22820588
22827293
22821903
22831455
22819528
22814195
22826512
22826512
22814302
22813774
22807836
22814823
22819850
22794065
22791785
22808433
22808693
22814901
22824392
22815715
22819030
22828179
22818593
22817134
22833661
22845858
22847339
22847339
22855219
22865810
22862744
22881355
22881355
22893960
22898201
22884384
22886045
22874666
22875148
22886426
22888418
22888418
22886473
22874539
22883811
22889226
22903466
22903466
22904812
22903204
22917601
22917601
22935998
22932201
22930880
22930907
22946384
22946384
22955499
22947533
22944610
22944610
22944610
22952771
22959528
22963233
22950158
22950948
22947875
22956348
22961164
22954239
22975656
22975656
22977858
22974819
22982162
22978401
22988380
22988380
22995570
23005371
23016257
23021624
23019581
23017788
23031632
23035887
23037961
23038433
23036629
23042960
23040439
23036492
23043139
23044589
23042925
23047721
23052652
23045864
23050463
23057544
23057544
23075319
23058774
23058774
23058359
23058359
23060740
23051878
23047246
23047711
23051116
23053879
23041885
23045928
23045928
23045928
23047059
23057441
23068217
23048407
23048407
23045261
23044369
23044369
23037081
23039091
23029369
23020763
23012313
23011524
23019735
23040088
23040088
23055245
23055245
23064574
23063816
23063816
23051886
23051886
23039641
23033034
23041638
23047584
23050628
23051039
23052843
23061053
23064581
23066169
23066724
23066724
23070732
23070732
23084799
23100860
23108280
23119868
23120127
23137586
23141628
23160083
23160083
23166948
23180283
23171567
23167506
23190358
23200290
23192898
23188257
23189063
23189911
23184476
23184476
23198030
23204054
23204054
23219543
23223223
23231238
23228969
23228969
23228852
23228852
23224120
23206589
23211783
23215307
23220982
23219543
23221118
23218975
23223317
23229885
23226650
23235166
23235958
23246101
23251597
23253636
23253636
23273568
23267395
23267841
23260144
23258285
23257446
23269040
23266679
23262771
23258968
23241330
23226493
23250498
23243283
23259252
23266223
23271605
23284562
23309347
23310486
23322571
23322571
23319789
23327129
23329898
23339603
23342675
23342675
23338953
23331299
23332831
23332831
23333288
23328567
23328457
23328457
23328548
23333410
23322315
23314889
23316582
23312359
23310128
23311769
23321845
23332781
23332781
23335442
23317048
23317048
23307748
23308065
23308065
23308065
23305594
23302648
23313511
23314932
23309548
23303275
23302416
23330820
23335453
23332049
23329677
23337192
23346542
23347599
23335363
23343958
23354337
23362999
23354006
23357521
23372105
23379635
23374610
23403022
23403022
23393315
23410378
23426006
23434898
23439401
23442177
23455334
23462797
23468197
23468248
23459854
23458157
23495869
23496019
23515802
23515802
23518921
23518921
23523593
23518514
23515068
23515068
23508014
23512904
23515218
23503114
23503114
23505411
23509743
23512500
23512500
23509428
23499562
23499562
23491190
23487984
23498822
23508819
23517584
23542877
23537389
23539346
23543189
23544431
23554195
23554195
23549188
23561993
23571088
23564036
23571075
23579434
23579434
23578324
23573623
23571318
23578469
23580442
23582408
23582408
23584732
23571975
23578041
23581965
23577719
23582811
23579716
23582518
23583243
23583243
23591357
23604099
23619861
23609953
23618495
23636733
23636797
23641357
23641357
23640164
23644287
23639807
23647792
23646010
23662327
23665596
23675316
23689103
23679485
23680119
23676577
23676577
23677753
23687039
23687039
23687039
23702548
23702548
23697567
23690315
23699223
23705140
23719000
23720946
23724800
23726287
23726287
23712212
23712212
23729426
23719563
23724390
23724849
23724849
23728945
23728084
23714648
23697920
23702411
23702411
23715432
23712712
23724323
23727531
23735849
23752753
23760563
23773311
23785866
23785866
23782197
23782197
23787068
23780601
23779027
23784930
23786230
23778276
23772836
23785620
23797564
23803981
23807222
23809908
23812765
23812765
23827639
23819723
23805132
23805132
23797310
23808218
23820508
23816303
23812079
23827835
23821173
23817336
23808926
23810049
23827557
23827557
23818467
23809142
23826026
23824690
23827419
23829117
23824861
23828536
23831837
23839312
23843865
23843013
23843013
23852782
23861912
23856167
23852923
23852923
23854316
23856794
23846469
23846469
23844167
23838757
23829944
23844523
23857412
23856025
23855422
23865684
23865684
23870602
23863759
23876075
23898957
23904681
23904586
23926180
23935504
23932934
23932934
23942480
23932822
23942275
23943573
23949363
23953578
23960966
23960966
23961457
23966345
23974800
23994937
24000953
24006419
24010305
24010305
24014331
24014331
24014331
24011343
24011343
24004366
23994396
23977994
23973802
23973802
23983509
23999408
23999408
24003339
23997136
23999171
24003607
24003607
23995914
24002155
24002155
24000038
24000038
24013098
24021539
24011624
24006264
24017634
24023259
24023259
24025493
24016151
24013376
24015784
24015784
24004117
23994234
23998883
23995595
23996190
23992918
23993336
23998710
23994251
23985418
23994996
23999968
24033271
24021289
24021289
24021289
24025849
24023594
24046053
24028175
24028122
24034267
24031694
24031694
24039945
24040983
24032458
24034347
24034347
24044218
24044218
24043876
24043876
24053379
24063456
24071113
24071113
24077127
24083882
24085252
24068811
24068811
24086499
24084361
24088861
24089583
24089583
24074068
24082350
24082640
24086732
24086732
24071266
24084722
24097213
24097213
24097213
24104372
24099549
24108824
24094364
24099222
24094761
24094761
24101161
24095556
24091453
24088043
24099240
24095665
24092417
24082486
24088383
24090753
24086713
24086713
24088475
24079506
24072027
24064370
24072413
24055660
24051583
24054223
24044967
24044967
24054817
24058065
24049224
24047774
24052897
24053495
24043929
24053939
24057549
24044233
24044363
24043000
24040948
24027349
24053905
24047934
24047934
24047283
24049701
24049701
24051508
24065217
24046561
24048491
24052958
24038561
24038561
24036812
24034150
24019664
24033321
24033321
24053418
24060956
24061661
24058284
24058284
24057970
24055339
24056508
24059792
24064778
24070113
24061292
24048646
24040075
24031189
24034914
24033119
24028889
24031071
24031071
24021560
24021560
24017406
24011400
23991668
23991668
23991668
23997266
24003609
23992989
24006373
24006373
24012934
24018107
24023046
24027856
24027856
24017975
24025284
24026315
24024015
24015720
24019477
24018007
24030767
24047573
24048157
24048007
24042890
24042890
24042890
24042890
24043450
24053189
24066898
24066898
24077747
24069596
24073038
24089102
24083775
24088872
24083424
24078931
24076440
24081300
24097276
24101422
24108930
24108930
24106102
24106102
24109136
24110611
24108230
24108230
24126762
24113488
24121248
24121875
24125664
24119894
24109474
24117449
24123004
24130002
24131020
24135893
24143080
24152151
24152509
24175386
24177250
24179406
24176302
24173850
24177203
24187311
24197221
24206583
24190586
24199082
24201009
24218826
24232148
24226458
24229032
24225897
24208000
24216261
24230068
24233984
24233197
24223846
24221327
24227171
24227171
24234002
24250204
24256541
24252994
24245416
24247875
24236457
24239338
24244226
24246434
24243591
24243591
24239462
24223371
24232117
24229523
24230647
24252778
24260799
24277331
24282004
24287099
24285528
24291790
24308962
24319469
24323681
24322887
24335263
24330583
24342362
24335348
24352753
24352753
24356106
24378180
24363829
24363829
24352204
24347992
24353629
24360073
24360567
24346509
24338260
24346773
24345842
24354755
24346639
24346639
24346639
24350774
24360571
24366059
24362343
24371369
24374241
24357966
24360062
24360624
24356708
24362425
24359251
24363741
24362119
24360343
24367082
24367082
24375870
24387953
24387663
24386310
24378294
24369876
24366303
24366303
24364178
24369525
24369525
24391446
24388644
24389146
24395130
24395130
24405415
24402696
24411770
24411770
24412598
24420342
24423502
24419241
24428306
24428306
24427543
24435684
24443922
24434566
24439420
24450957
24441006
24441169
24446885
24446885
24462479
24462479
24455402
24461005
24475149
24475149
24466103
24466309
24469549
24476647
24477416
24477649
24478236
24476478
24473562
24478159
24481374
24476662
24477728
24470538
24481771
24488318
24480973
24477640
24486620
24483726
24489858
24509711
24505682
24497884
24492533
24490987
24492027
24496787
24496787
24505217
24508694
24500885
24515767
24509694
24516251
24516251
24516251
24515694
24516962
24516962
24521493
24525362
24529779
24535042
24535042
24524563
24524563
24511005
24506414
24504811
24506954
24507954
24516968
24529565
24540492
24559087
24561041
24568684
24572026
24556155
24556155
24560661
24560661
24567162
24563019
24569577
24582993
24599346
24602098
24607364
24601385
24598639
24598639
24584334
24587095
24582410
24579089
24579089
24580334
24589781
24606363
24613010
24610384
24612406
24610421
24606730
24603547
24604807
24617350
24606227
24630342
24624599
24635290
24626252
24636867
24637688
24627809
24627809
24635856
24630965
24626613
24638450
24637021
24654385
24660124
24656987
24656987
24666569
24667865
24663919
24673757
24673791
24683918
24700294
24709217
24694344
24703546
24693699
24693699
24684464
24680980
24680980
24677813
24677154
24677154
24661046
24673687
24680960
24664565
24671003
24694109
24696670
24693289
24693289
24680941
24681991
24694042
24694042
24696006
24709312
24713327
24707858
24717770
24722483
24720597
24723143
24722157
24702186
24702186
24698540
24698177
24697536
24695065
24690571
24678457
24678457
24681589
24683719
24680016
24680016
24683878
24692712
24688207
24695789
24698553
24711241
24711241
24711241
24726539
24736085
24738909
24727850
24746829
24746829
24741344
24748784
24754163
24762294
24759006
24753381
24748379
24743339
24727735
24728161
24717119
24712169
24712169
24715846
24712412
24707016
24709796
24685617
24676695
24685378
24685143
24688854
24683186
24680549
24671861
24684019
24698589
24708249
24716183
24702718
24706362
24715422
24715422
24715489
24719509
24709653
24693770
24695134
24695674
24702436
24706720
24697545
24692246
24688938
24681480
24679259
24687329
24687329
24688502
24685488
24685607
24685607
24685607
24699641
24699641
24691960
24689436
24691291
24681555
24701426
24694433
24694337
24679482
24660602
24651856
24651856
24638608
24640462
24643601
24648148
24647883
24647883
24665034
24648464
24657164
24646381
24646381
24646381
24656112
24667100
24664243
24664243
24673407
24660816
24660816
24654539
24654539
24656677
24657837
24658874
24656170
24664155
24664155
24664155
24664155
24672797
24673293
24684014
24677682
24673521
24677359
24686146
24686146
24667741
24674679
24666936
24659132
24664011
24672425
24671512
24687502
24681399
24672441
24685603
24685603
24679629
24684408
24684408
24684982
24684982
24690854
24694124
24709235
24697768
24695510
24689924
24695333
24706614
24714646
24719915
24711856
24708463
24718420
24718420
24733910
24731803
24724809
24727391
24728936
24731484
24729617
24710396
24711297
24697937
24700094
24706070
24713448
24700101
24693497
24687255
24681183
24684443
24693052
24691735
24686282
24693264
24696079
24696079
24694035
24696455
24686343
24685480
24680941
24692036
24699372
24713775
24723728
24724918
24724918
24712441
24716545
24715998
24705313
24702628
24717242
24716264
24721365
24725509
24713674
24699495
24698445
24717527
24717527
24726910
24727966
24737127
24750611
24753205
24748477
24745372
24750976
24741691
24737988
24754515
24756238
24752333
24761472
24761472
24761472
24752587
24755255
24763702
24766174
24764603
24771207
24768546
24769468
24774711
24774711
24768144
24772612
24759888
24741730
24732208
24732208
24741644
24743048
24748748
24754469
24749894
24750686
24747353
24753096
24749680
24749680
24749280
24750830
24755252
24757958
24767332
24767332
24775114
24767793
24752595
24751001
24762515
24762515
24774138
24783984
24781511
24772622
24773583
24770100
24770173
24760610
24754158
24732147
24728893
24714855
24709895
24709467
24722487
24735695
24699463
24710753
24710753
24708237
24704648
24713135
24706856
24705501
24729805
24722964
24722964
24731972
24721407
24728326
24716207
24719634
24729887
24729887
24720059
24723987
24729789
24738852
24730039
24746754
24746754
24754903
24759581
24746400
24750192
24739023
24742779
24742779
24727537
24730561
24734145
24746311
24757745
24743990
24743990
24736100
24736100
24740264
24742980
24754167
24748210
24750538
24768992
24779502
24790522
24791677
24786486
24786672
24782944
24794718
24804565
24804565
24800249
24799469
24803790
24811967
24802250
24794249
24789387
24788392
24788392
24782469
24786484
24771636
24752643
24769214
24769230
24768037
24756958
24756958
24743336
24723475
24720203
24733041
24724576
24716387
24708908
24708908
24699804
24696793
24693831
24701548
24696962
24696962
24696713
24695707
24704599
24714293
24707459
24703669
24698809
24696815
24696815
24680309
24688703
24684227
24692435
24696984
24692086
24701636
24696919
24696919
24709126
24718287
24719785
24715553
24715167
24724806
24724806
24715565
24715565
24713819
24713819
24702594
24711623
24705780
24706988
24706439
24706439
24702808
24702808
24701537
24696476
24685743
24685743
24700584
24698802
24693882
24689981
24682765
24672466
24674039
24662861
24674114
24671782
24669609
24658544
24658742
24658742
24662267
24659807
24652135
24640127
24669010
24690760
24698328
24705537
24693375
24683134
24674816
24672715
24688721
24686330
24686970
24685114
24687304
24678088
24678557
24678557
24678557
24686815
24686815
24680478
24691293
24686851
24659072
24660873
24653497
24653497
24659747
24653038
24657191
24649794
24652630
24641311
24639498
24633139
24626642
24627044
24621462
24621462
24611790
24612672
24618342
24618342
24600240
24595643
24612923
24613108
24612806
24613131
24608628
24602697
24600608
24599713
24580518
24578041
24577629
24578049
24577864
24576084
24585741
24588091
24584355
24571081
24576399
24576399
24591030
24583411
24583411
24587417
24575973
24579772
24578285
24585156
24586478
24586478
24581545
24588186
24590346
24585422
24584247
24587368
24574505
24574505
24574505
24580274
24579524
24579134
24573579
24573579
24573579
24564133
24576628
24582900
24576706
24576706
24563199
24563034
24569842
24566003
24577788
24568752
24563910
24571008
24582779
24579909
24596597
24581785
24591479
24600995
24588768
24582690
24572399
24576785
24564981
24564981
24568052
24560099
24568402
24562873
24555978
24567783
24574425
24574425
24569960
24563189
24563189
24558144
24544677
24537722
24545263
24553341
24562118
24557690
24573398
24582690
24569661
24558611
24547285
24553591
24553591
24544294
24546026
24542900
24541157
24551055
24551055
24557502
24562261
24558008
24567204
24564628
24568703
24571809
24565520
24567411
24567411
24571354
24569767
24576936
24585460
24585460
24597738
24606573
24613318
24616125
24616826
24604899
24611528
24607948
24608437
24608437
24614461
24608216
24611500
24608876
24595748
24595748
24585222
24587029
24577542
24582419
24586089
24586089
24581903
24582278
24577345
24572477
24567980
24567584
24561129
24567754
24580729
24580729
24585548
24587213
24598176
24596773
24581073
24581073
24572590
24567029
24568968
24566588
24573080
24553443
24561929
24545294
24554644
24552426
24552426
24560688
24559216
24559216
24558515
24558355
24555216
24559982
24559982
24578358
24578358
24578933
24578933
24574019
24574019
24562970
24568129
24564352
24550842
24563415
24558704
24557668
24557668
24553800
24549120
24549313
24549313
24539347
24539167
24520002
24529898
24529898
24532665
24529858
24531289
24534393
24541298
24550042
24548726
24553031
24560256
24553112
24562673
24563133
24573876
24565568
24553426
24544165
24545790
24553079
24555702
24551938
24555425
24548566
24544201
24557333
24563504
24574057
24566782
24577079
24568804
24563160
24562380
24559144
24559144
24552892
24562006
24556921
24552682
24540418
24528509
24518794
24511522
24499668
24503528
24525814
24533427
24531279
24531279
24544828
24552963
24547228
24547228
24538268
24549390
24549390
24546634
24555434
24548440
24548440
24544906
24525115
24522423
24514666
24507109
24507109
24502348
24506728
24468502
24466303
24454506
24441252
24436943
24426692
24418910
24430405
24434621
24436944
24436944
24437062
24436666
24430263
24428525
24426873
24423797
24431413
24440133
24433332
24433332
24433956
24414172
24412668
24408975
24414685
24425000
24409271
24416483
24399071
24390851
24387159
24393216
24408182
24405382
24405382
24401984
24396271
24400512
24398847
24399945
24390338
24385462
24399229
24399229
24390911
24394404
24403064
24416189
24420918
24423491
24422009
24422009
24420969
24412616
24408694
24415889
24421238
24422066
24420562
24423854
24428028
24426077
24450587
24438724
24437952
24437952
24434657
24421936
24431808
24434901
24435752
24435752
24439847
24423045
24419058
24423741
24435556
24432569
24426252
24430462
24425125
24437512
24438642
24447421
24459433
24456096
24451095
24459611
24460536
24454251
24454310
24445289
24445289
24445289
24445289
24445289
24451033
24452923
24452923
24461071
24469751
24466918
24465393
24469691
24473924
24468929
24461639
24461639
24456815
24455909
24451855
24462234
24462234
24462234
24456741
24456741
24440637
24441754
24448884
24444984
24453505
24445412
24444732
24444102
24448816
24457479
24468173
24468173
24467448
24471972
24462213
24460302
24470194
24470562
24478240
24480228
24480228
24485755
24493594
24489170
24497730
24485412
24477797
24481059
24473038
24466621
24472371
24476916
24470417
24463789
24466440
24466066
24457645
24457645
24458310
24463006
24463586
24463586
24475822
24475822
24467673
24462795
24454714
24454752
24446442
24455301
24460187
24460187
24460187
24449403
24449403
24456405
24450590
24458370
24433532
24427195
24427195
24436535
24439214
24427383
24429079
24411292
24413919
24399057
24392916
24396412
24392548
24381217
24365827
24363629
24350495
24355247
24357724
24352621
24347939
24351590
24350932
24353497
24348304
24353767
24356743
24342856
24353103
24346048
24334631
24338597
24352868
24357469
24363255
24360145
24367390
24367390
24367390
24374534
24374534
24381026
24381026
24377657
24369151
24369151
24366596
24363411
24363411
24363411
24367937
24359910
24344093
24340706
24349623
24349623
24353189
24354570
24356131
24362968
24362968
24370959
24388872
24388872
24400874
24380906
24384376
24373298
24374012
24383436
24383436
24381107
24398245
24398245
24392560
24411210
24412557
24413908
24416336
24423018
24416557
24434186
24439322
24453303
24444520
24436624
24440362
24439929
24439929
24428459
24422111
24404866
24399338
24380011
24374546
24376454
24374357
24374357
24388099
24390338
24391739
24394487
24399763
24408090
24408090
24410006
24410006
24410006
24399112
24420107
24424856
24427811
24454542
24457513
24467098
24458929
24449464
24437875
24453852
24462999
24459517
24440983
24448372
24441969
24437059
24435154
24427524
24435144
24431468
24432917
24432640
24428061
24437684
24430483
24425718
24433720
24433720
24433720
24425868
24423834
24423831
24419328
24407434
24399262
24399244
24397865
24396639
24396639
24382467
24382467
24377598
24373454
24369804
24367507
24367507
24373544
24366587
24366587
24376335
24388250
24376529
24376529
24371871
24355499
24355499
24353116
24360046
24347315
24347315
24340393
24348830
24353165
24362824
24362824
24354312
24355283
24339898
24327167
24327167
24321641
24317782
24325188
24335083
24332098
24317308
24298118
24291401
24290485
24281030
24272281
24264712
24268767
24268767
24257030
24291153
24276320
24276320
24286544
24282444
24274903
24274167
24264651
24263201
24262123
24265028
24258836
24246855
24244083
24244083
24261685
24269838
24273536
24285939
24285939
24288356
24281811
24278088
24253896
24241195
24234993
24244042
24243204
24243204
24243310
24243310
24249792
24243131
24257817
24254224
24247581
24244307
24240842
24243534
24236829
24239463
24242821
24231965
24229521
24229361
24231209
24225891
24215267
24216457
24216457
24225987
24225987
24227020
24218424
24220676
24220676
24221301
24215262
24211153
24202639
24197630
24197630
24197020
24184733
24184296
24180887
24176582
24171093
24171093
24168612
24173233
24175007
24176702
24175355
24167639
24170228
24154126
24149297
24157075
24151247
24145249
24151541
24147284
24152448
24151428
24155099
24149442
24149442
24143562
24143562
24143562
24148795
24148766
24162136
24155637
24155637
24155637
24156811
24164102
24160672
24160672
24153505
24133497
24141995
24130745
24140246
24148882
24141559
24141559
24141559
24146053
24138533
24133533
24126863
24126863
24150112
24157353
24159657
24159888
24159888
24157909
24151363
24146506
24159817
24177052
24160742
24156165
24163449
24178308
24187202
24170305
24177273
24171501
24171844
24171844
24174701
24178299
24180277
24188892
24175784
24162358
24162205
24147036
24149208
24180101
24180101
24168899
24177082
24177082
24189965
24198749
24198749
24181456
24180097
24157805
24157805
24150201
24144671
24159243
24131338
24124832
24139483
24140141
24151655
24146771
24146771
24146771
24140636
24140636
24132076
24128239
24136259
24138961
24125989
24129591
24134488
24126892
24113174
24115018
24108135
24115163
24097502
24082784
24086033
24095658
24094460
24079758
24087742
24084113
24078282
24074140
24072579
24079836
24063344
24062618
24062618
24071470
24063687
24061116
24065319
24065319
24061820
24052731
24051881
24050962
24050962
24041696
24041696
24037779
24035571
24035571
24031948
24031598
24037806
24030985
24039460
24040064
24053829
24053829
24034742
24046740
24038583
24063279
24060409
24058298
24048808
24045100
24046177
24044658
24043902
24043902
24043902
24037737
24034018
24043564
24029519
24034619
24054456
24055801
24056302
24055818
24050668
24068283
24071834
24075773
24070975
24061844
24056962
24064193
24064193
24059590
24036094
24036259
24037759
24035741
24035741
24054017
24052489
24056846
24055850
24048861
24051807
24061327
24072108
24072108
24064258
24056120
24061283
24055580
24047390
24050588
24042815
24040188
24042722
24026275
24019762
24033543
24017518
24023015
24016370
24009221
24004431
23982236
23986026
23986026
23970947
23970863
23970863
23956912
23953244
23959524
23961291
23968483
23974801
23974922
23958601
23959731
23937482
23947661
23942080
23942080
23941150
23930562
23927409
23927409
23933643
23926778
23941824
23945880
23953715
23953715
23944703
23949116
23957466
23959746
23957499
23949613
23948727
23948727
23932345
23927068
23937284
23938828
23971810
23971810
23963283
23972206
23977394
23979212
23979212
23974714
23979458
23963109
23962806
23961450
23959716
23955833
23966796
23972479
23981689
23974379
23965180
23940917
23946656
23938763
23929270
23931277
23921474
23930292
23929080
23903030
23921403
23913345
23903541
23900244
23888254
23877293
23885239
23883857
23886077
23887951
23897618
23889761
23889761
23896124
23887575
23883232
23883232
23892102
23895924
23898949
23895719
23895719
23886582
23889469
23875049
23876438
23874290
23893784
23888072
23891074
23881997
23881997
23868946
23859131
23851702
23851022
23851022
23857521
23848392
23846623
23838545
23824134
23815424
23815424
23827090
23836321
23848694
23845129
23833280
23841896
23841896
23841896
23834006
23843693
23834279
23826149
23821069
23809047
23817212
23810258
23808277
23808549
23802763
23813465
23812920
23796803
23804321
23808433
23821492
23823976
23825253
23801851
23809170
23798949
23790170
23769629
23760480
23749284
23744430
23760925
23756834
23754616
23737746
23731216
23731216
23728679
23715484
23722430
23721044
23718207
23719277
23715973
23720679
23714861
23711006
23711006
23701182
23701182
23699157
23690705
23687169
23674552
23665923
23666013
23671200
23671200
23670220
23670220
23668389
23669824
23665235
23675726
23668223
23668223
23660562
23661307
23661307
23654465
23649499
23642244
23641491
23652041
23646991
23653995
23652061
23658457
23648012
23658360
23658360
23654943
23652666
23652666
23653495
23648881
23656342
23663232
23663232
23682586
23681619
23676371
23670636
23675684
23676901
23682674
23673109
23673109
23660684
23660684
23646233
23653761
23639040
23631112
23631112
23632509
23634030
23620082
23629785
23611377
23608076
23603790
23603790
23599090
23596597
23593411
23580132
23570477
23563853
23562429
23562429
23569883
23557232
23554845
23558771
23562876
23562876
23569810
23567254
23558694
23558694
23555070
23545127
23545513
23550436
23555454
23555468
23541571
23531600
23521830
23528546
23527289
23526745
23517209
23517421
23522437
23522437
23520214
23518812
23508016
23519257
23519257
23508799
23506805
23497225
23499935
23499935
23490398
23488540
23476486
23476486
23474257
23474053
23470934
23454691
23460677
23459084
23446217
23435242
23442150
23441722
23431896
23431896
23431896
23430232
23440597
23425913
23426340
23415162
23417642
23412389
23408739
23409724
23399761
23390773
23389365
23369975
23369975
23356878
23350396
23342390
23349773
23353972
23353420
23350795
23347565
23347565
23347565
23346620
23350938
23337512
23337512
23337512
23322877
23325906
23326907
23334569
23330999
23325103
23321934
23311919
23306154
23302173
23304486
23304486
23292043
23284496
23290963
23290963
23291009
23294576
23290222
23281597
23277731
23279645
23269885
23262715
23260171
23251495
23257134
23257134
23254949
23252732
23252732
23244983
23246829
23253798
23248974
23250651
23250651
23243023
23245504
23248436
23261416
23258990
23254070
23259841
23252111
23260503
23261785
23261122
23256333
23249107
23249107
23258450
23245714
23238575
23222527
23213352
23215093
23215093
23211925
23217524
23214107
23216261
23215765
23226694
23222701
23222205
23222205
23219654
23219654
23210791
23205116
23194383
23194368
23187472
23184123
23184123
23184881
23179704
23173938
23169318
23166551
23159564
23161145
23158372
23159879
23169261
23177804
23177337
23157824
23145804
23137702
23128601
23128688
23126995
23115618
23115732
23106709
23084652
23082740
23085356
23085356
23079338
23088271
23078451
23078693
23055639
23055639
23054220
23053258
23049373
23049373
23043948
23048731
23044712
23033320
23033320
23035371
23032596
23037499
23047629
23047629
23041427
23049221
23056370
23052095
23061710
23059191
23050232
23050733
23037632
23045066
23045066
23045066
23020788
23005765
23005765
22997864
22979839
22982382
22969755
22969147
22968384
22986602
22980634
22982895
22982895
22992714
22992714
22992714
22989444
22991180
22983511
22964326
22961518
22954584
22964590
22963991
22963991
22945610
22929000
22923961
22926234
22918119
22909026
22903721
22903631
22903019
22886032
22858806
22838563
22828583
22828583
22792912
22792912
22784692
22780425
22780425
22775988
22779277
22785786
22786993
22793707
22793707
22783289
22761152
22765277
22744203
22751531
22744859
22741324
22740261
22735688
22721497
22726515
22719127
22720083
22722724
22721194
22710328
22700911
22700911
22704956
22684951
22680814
22680814
22680957
22680957
22675846
22675043
22674304
22671753
22664561
22646318
22656020
22642000
22635780
22630502
22650405
22646008
22638522
22638680
22622729
22619377
22616384
22616384
22631626
22623986
22616411
22607113
22595344
22591343
22601120
22596626
22595885
22578531
22585574
22589066
22576590
22576590
22567016
22567016
22573255
22567748
22562549
22562549
22554437
22555501
22561005
22557571
22556367
22554931
22550729
22550729
22550729
22539336
22535071
22510172
22506857
22506857
22492997
22495243
22477503
22477503
22466786
22467803
22466200
22470068
22472936
22472936
22467973
22464381
22467629
22461633
22455625
22455625
22435739
22435739
22435618
22425402
22422161
22426049
22421241
22416315
22428668
22428668
22428668
22419006
22410454
22413842
22402325
22408638
22410072
22407965
22391513
22395335
22389808
22389808
22389808
22389808
22382276
22373499
22375321
22374981
22371630
22374482
22367082
22369030
22366943
22359152
22355236
22343877
22340015
22347944
22351846
22354779
22390108
22387655
22397894
22378847
22370179
22366726
22366726
22366726
22352969
22344720
22344720
22344720
22341000
22345766
22346345
22336372
22337528
22333067
22338036
22346963
22334826
22334826
22334036
22330377
22325488
22319167
22316477
22325830
22319073
22320187
22322631
22328920
22317380
22307609
22307609
22298208
22290000
22272193
22271055
22272456
22268603
22258887
22267396
22259040
22257671
22265034
22264848
22262373
22277599
22283753
22297780
22306770
22314636
22299971
22301273
22298196
22288354
22283990
22280494
22275629
22289308
22286987
22293856
22280286
22280286
22262986
22252956
22242211
22238930
22233761
22229300
22227346
22234695
22226265
22232291
22217400
22225345
22220566
22220566
22224963
22224963
22226017
22223115
22221555
22211750
22220809
22204885
22183863
22183863
22183863
22175545
22169435
22161058
22161058
22161058
22169719
22167826
22158731
22153408
22145225
22136254
22126242
22126242
22118150
22126966
22120383
22125941
22114654
22119112
22128776
22121809
22121809
22128620
22122275
22115569
22110567
22116880
22123110
22117353
22112084
22112084
22118324
22119034
22133968
22135915
22130637
22128298
22120302
22130858
22122510
22122510
22116138
22109478
22093479
22086510
22086753
22067841
22067841
22077527
22076933
22075090
22076006
22068644
22068644
22057158
22057158
22057158
22065430
22065923
22065923
22047686
22044183
22056224
22059664
22054118
22057713
22057713
22045718
22045718
22042676
22048544
22038998
22037959
22037959
22031542
22036001
22026000
22022922
22016682
22013821
21984452
21994980
21993727
22001073
22015673
22013239
22006063
21996768
21985200
21986163
21994843
21982741
21970853
21966546
21957644
21959618
21971974
21971974
21971974
21964255
21968317
21968317
21963958
21950233
21959725
21959187
21950495
21950495
21958790
21961309
21947366
21943395
21947861
21952953
21952953
21948033
21931875
21919264
21919264
21923001
21927987
21922373
21913541
21920500
21920500
21913497
21914403
21922176
21920636
21903497
21902021
21901624
21884780
21894487
21890972
21898820
21904287
21899938
21886840
21873969
21865976
21868836
21873141
21873141
21875239
21872461
21858702
21850081
21842778
21832927
21825752
21806139
21799688
21779450
21778426
21777813
21771162
21775171
21761574
21770949
21767116
21755301
21755301
21743591
21724508
21724508
21731786
21727746
21718422
21707476
21707039
21693769
21687030
21675493
21649121
21651114
21655108
21646566
21637567
21630030
21618289
21617016
21618426
21618426
21608382
21604250
21603389
21601913
21601913
21601739
21596781
21596781
21601261
21596690
21593447
21593447
21589748
21589748
21592883
21592883
21601204
21598123
21586897
21582012
21591176
21585173
21585173
21582406
21592635
21581522
21571351
21563610
21558260
21567757
21564519
21556913
21556913
21556921
21551040
21544285
21541871
21534137
21534137
21512826
21494433
21494433
21486230
21479751
21475748
21482180
21480332
21467599
21463029
21459741
21495466
21485642
21487679
21481755
21465670
21466541
21460596
21435551
21416405
21422962
21413957
21425231
21413189
21393621
21383680
21383233
21378197
21370133
21357731
21342965
21345763
21339614
21339614
21349321
21358058
21358106
21360458
21360458
21368102
21368102
21368136
21357246
21347569
21347569
21343185
21328466
21328466
21319364
21305673
21305264
21299255
21294457
21307509
21303741
21297081
21292631
21287375
21277655
21269478
21276605
21274638
21263729
21263729
21261315
21261315
21261743
21257840
21257840
21250037
21240792
21229073
21230190
21228205
21226967
21221921
21206307
21204926
21213941
21210690
21181175
21177482
21146163
21139889
21139889
21139450
21116429
21111643
21111643
21115967
21106129
21092096
21092096
21100989
21100989
21082118
21094924
21094924
21088234
21080158
21078494
21062291
21062291
21054302
21050273
21055755
21066362
21049229
21029114
21034930
21028706
21021275
21012807
21003517
21004481
21005058
21005058
21001999
21000008
21000008
20985132
20978716
20978642
20971260
20959575
20955307
20973151
20968419
20962694
20968101
20969772
20975409
20979330
20980252
20971648
20954905
20943514
20941193
20941193
20930180
20923590
20918634
20914124
20914124
20890522
20886007
20886007
20877643
20891036
20891036
20886327
20864749
20864749
20862580
20867705
20848376
20841041
20837928
20836110
20825501
20839290
20829406
20806408
20802101
20785145
20787379
20778732
20778076
20780532
20790258
20799869
20806023
20817258
20817258
20811335
20809352
20803443
20799466
20791386
20793443
20785721
20776341
20776351
20782184
20763823
20761392
20755464
20753976
20758806
20750482
20750482
20744432
20748908
20742603
20730583
20731354
20730255
20713819
20722896
20727575
20727575
20719714
20718880
20713743
20725172
20724983
20717365
20717365
20725770
20725770
20701016
20709270
20701051
20697884
20694021
20688579
20688579
20690147
20693193
20694376
20694376
20693414
20690191
20706059
20692505
20690698
20694531
20693562
20687820
20678954
20687970
20676254
20681083
20685978
20659787
20651200
20652302
20652302
20664610
20663633
20662201
20656103
20640104
20640104
20642802
20639243
20644253
20653272
20650945
20648436
20640260
20633931
20636808
20635512
20624712
20617867
20617984
20610362
20610362
20611835
20611835
20618876
20617561
20610321
20605096
20605096
20599723
20595286
20601867
20601867
20584800
20577753
20580805
20582868
20576333
20568145
20568145
20562658
20568979
20564409
20557127
20547566
20541968
20531253
20531140
20531140
20522116
20512778
20508405
20496923
20499548
20515204
20518799
20533920
20525254
20520991
20529186
20529186
20514938
20514938
20514938
20514061
20515784
20497533
20497533
20503463
20503463
20503463
20487026
20470850
20464078
20455579
20455421
20452907
20457295
20460711
20451121
20443936
20439874
20430273
20439676
20439676
20442536
20442536
20435936
20430355
20430355
20426116
20432806
20432806
20432806
20430198
20410350
20408055
20403837
20409198
20404067
20394516
20377817
20371886
20362174
20361915
20355336
20347281
20342539
20352435
20352420
20342161
20329074
20342739
20342358
20339686
20330413
20306726
20300678
20308847
20308847
20318596
20318596
20322370
20322370
20326959
20326959
20326959
20311805
20306833
20316764
20300468
20300468
20306107
20312932
20304901
20304901
20300883
20282779
20283493
20269422
20278084
20270700
20274673
20264171
20264171
20254723
20254723
20252092
20252092
20269664
20248524
20246874
20239101
20239101
20239101
20238496
20239940
20234265
20234265
20229447
20229447
20222246
20200720
20189296
20189296
20191288
20154693
20154693
20151683
20139706
20125343
20117291
20111615
20115686
20106010
20104059
20098419
20088849
20085379
20073701
20066098
20073414
20085668
20067985
20059343
20059343
20056161
20047431
20032218
20018044
20004078
20000697
19992783
19976801
19972751
19958873
19958873
19955416
19957521
19957886
19958780
19943371
19939620
19935724
19925961
19924864
19903708
19904650
19907071
19895062
19883372
19872631
19867566
19875086
19853678
19851091
19841876
19830018
19830018
19830018
19826397
19818716
19817933
19814850
19818272
19818829
19817652
19805849
19800359
19796284
19777373
19777720
19766736
19771550
19765702
19754926
19757024
19754118
19746256
19743479
19751400
19758530
19758530
19751999
19742336
19742336
19745233
19745233
19738686
19724037
19727608
19722159
19702667
19695980
19695980
19668836
19652502
19647094
19639740
19639740
19647947
19640264
19639133
19639133
19639133
19622579
19627045
19617727
19606135
19604406
19604406
19595690
19578630
19592870
19580528
19574306
19565039
19546382
19548850
19542872
19533708
19529851
19529851
19518239
19513540
19513540
19514628
19514628
19513489
19515929
19516513
19514597
19515814
19506758
19504782
19510734
19496954
19483191
19476323
19477216
19465635
19455425
19440421
19433241
19433621
19417579
19413663
19401181
19406843
19404624
19388508
19372546
19369870
19365847
19360319
19360319
19360319
19342070
19334879
19316028
19292272
19292196
19264599
19263953
19254234
19241081
19230330
19223752
19210424
19211849
19205555
19196555
19199985
19200324
19201867
19195995
19174371
19180104
19171664
19177542
19177542
19155010
19151170
19156721
19152769
19136606
19139363
19143060
19143060
19142070
19129108
19118468
19115801
19107804
19100533
19089982
19082620
19060133
19065892
19068703
19064775
19062409
19062040
19059210
19055342
19043205
19034568
19032054
19031503
19018273
19016269
19006896
18989402
18979718
18970400
18949009
18948045
18948045
18938983
18940585
18932302
18925187
18913989
18923178
18920715
18920715
18929678
18929678
18924903
18924903
18922181
18912010
18918339
18918339
18908892
18906318
18906318
18903996
18903996
18904404
18905385
18913640
18904801
18896754
18893366
18901914
18891654
18889691
18887052
18882301
18873497
18873497
18855496
18853547
18847812
18854494
18846766
18826229
18824797
18817919
18811287
18802909
18802354
18796623
18799033
18799033
18806282
18814314
18805600
18799886
18795049
18790135
18790135
18781172
18779644
18779344
18780692
18779395
18768861
18767180
18753371
18744658
18738078
18720461
18707016
18694506
18690563
18662100
18651928
18644402
18644402
18645103
18638568
18644923
18639984
18578070
18568845
18559717
18551142
18545212
18539504
18539504
18521534
18516933
18524444
18523635
18521811
18518329
18516369
18507992
18504869
18504869
18504869
18498386
18498386
18480493
18472917
18443783
18428112
18414334
18394928
18380260
18370288
18367167
18357285
18353738
18361976
18369659
18363707
18347885
18339123
18329323
18322143
18322143
18322143
18315046
18325398
18326486
18326619
18308061
18292354
18286842
18263650
18268640
18240520
18240520
18236603
18240882
18225439
18215235
18211737
18210107
18209442
18196863
18187154
18178755
18178755
18162802
18158909
18150878
18146616
18146616
18144292
18147320
18146283
18124436
18117797
18113853
18098640
18096660
18087660
18074492
18074492
18073723
18062727
18048432
18043096
18052479
18052479
18052479
18045356
18063846
18053674
18054930
18039467
18028196
18028196
18017994
18022295
18012008
18008721
18006393
17996320
17996320
17996320
17987771
17987771
17972835
17959534
17944134
17938298
17927933
17901628
17901628
17907558
17906030
17901465
17907790
17913297
17902269
17902269
17901127
17887345
17887345
17887345
17874985
17864039
17865347
17857506
17866184
17860256
17831259
17819920
17811437
17801284
17787691
17781558
17784049
17775642
17762549
17741874
17739531
17739531
17740785
17735096
17738986
17721356
17712150
17717740
17701607
17695335
17671472
17665733
17670268
17670268
17631203
17632377
17626798
17624921
17627274
17621699
17621699
17606072
17607795
17602940
17595000
17595000
17580232
17578902
17578902
17577732
17593247
17581956
17580597
17584169
17561722
17561722
17541787
17541787
17543025
17547842
17542285
17533849
17531644
17522916
17518351
17511291
17511291
17502105
17502747
17502747
17484587
17480880
17472393
17466028
17468184
17468184
17463695
17445494
17445494
17445494
17434004
17420016
17413421
17396318
17405112
17400979
17405936
17394260
17394260
17394260
17392819
17383908
17381530
17366384
17354507
17348555
17327161
17336282
17325022
17327925
17333753
17324135
17314077
17314077
17307385
17307561
17306627
17306627
17308329
17304760
17304760
17305620
17300178
17280618
17270475
17262377
17258819
17264623
17253419
17243794
17243794
17242625
17236267
17232325
17232325
17231165
17222266
17226623
17205156
17191240
17184826
17184826
17178999
17177100
17164879
17171514
17175613
17168846
17174743
17167191
17173045
17158354
17158354
17135664
17149872
17151980
17151980
17131153
17130900
17121181
17097010
17083291
17086159
17095198
17075277
17054678
17050925
17042310
17038087
17038087
17031458
17013834
17009052
17006586
17001726
16993724
16991361
16990410
16992669
16972511
16973405
16960086
16950831
16943390
16942824
16942824
16930209
16924085
16913479
16892900
16888184
16892595
16886991
16886991
16890675
16873345
16862085
16858405
16859805
16850675
16850675
16850675
16843021
16843021
16834067
16826044
16827900
16823986
16817388
16825397
16839385
16825565
16813284
16822489
16812404
16813482
16814698
16815396
16808393
16809893
16794810
16794711
16775980
16775980
16775980
16756511
16745402
16759776
16759776
16759776
16756687
16756687
16742092
16724239
16713598
16709271
16702398
16702398
16711571
16709625
16700533
16691010
16681805
16681805
16673364
16673364
16658838
16655927
16646060
16633848
16636102
16625910
16610899
16585079
16581833
16576845
16576845
16575040
16569519
16574000
16565142
16557150
16552949
16552949
16537682
16522630
16503145
16499246
16495444
16495060
16498453
16492132
16480951
16467413
16467413
16461038
16475501
16459037
16463789
16470163
16465482
16467708
16467708
16465251
16458480
16452439
16452439
16441309
16431621
16433622
16429223
16416693
16404350
16395208
16376463
16376463
16371206
16375970
16378497
16368115
16355753
16348430
16335186
16326701
16312034
16306969
16306969
16306969
16295677
16279354
16240854
16231625
16201088
16210074
16201754
16201754
16193583
16206090
16200640
16207220
16205863
16211402
16203841
16203841
16205537
16205537
16191474
16189313
16173234
16173234
16169369
16158038
16145052
16145052
16134978
16121378
16109999
16076630
16057987
16056641
16055499
16036864
16040965
16022197
16015880
16006835
15999430
15999623
15991942
15991942
15991942
15999659
16001428
15991834
15990765
15996331
15982447
15982447
15959224
15958529
15942631
15938798
15923489
15916859
15917396
15910568
15898411
15905050
15899614
15890777
15885163
15885163
15883952
15876612
15869218
15855104
15846499
15841719
15844057
15812190
15799024
15789297
15775795
15775795
15755410
15755962
15739577
15734782
15728672
15728672
15723198
15723198
15717699
15710005
15706848
15706848
15718586
15707826
15707826
15707826
15705073
15701376
15690168
15688742
15678749
15672660
15654517
15642831
15633916
15638387
15628491
15625863
15618149
15611381
15595717
15594996
15588760
15576415
15576415
15576415
15573396
15558145
15548580
15528162
15516463
15490957
15478598
15477366
15475499
15475499
15472140
15472140
15472140
15461526
15447948
15444355
15432892
15432892
15432892
15421163
15426360
15417892
15417892
15431023
15422947
15414290
15393494
15385403
15371022
15370924
15361014
15367032
15375538
15375538
15362945
15357651
15340174
15339346
15335572
15335572
15338185
15327701
15311984
15317057
15322077
15304274
15304274
15292642
15294768
15290095
15276450
15276450
15270582
15265409
15273233
15273233
15278432
15278432
15275759
15270191
15276512
15271325
15258635
15242633
15234855
15221724
15211737
15200948
15195334
15195075
15194490
15188770
15188770
15188770
15169217
15167792
15163366
15168272
15168272
15166147
15149532
15132560
15130210
15122558
15112181
15094411
15092845
15100141
15098800
15077392
15065390
15076690
15063690
15066009
15061156
15060401
15034667
15025480
15006719
15006077
15000562
15002442
14985535
14978974
14971993
14966285
14950426
14949816
14946916
14932471
14932471
14926573
14918922
14921948
14907348
14892232
14882276
14879378
14868236
14868236
14853504
14852209
14859914
14841816
14835962
14833323
14823206
14817337
14811618
14801732
14801732
14789512
14774210
14773977
14768074
14766037
14766037
14766037
14766037
14756095
14751892
14747613
14739963
14716246
14706138
14706138
14699203
14691658
14687420
14695828
14687983
14689193
14680326
14680326
14671151
14671151
14647398
14654536
14641219
14631868
14628100
14632544
14627335
14611266
14617908
14604965
14594407
14575174
14570283
14557589
14551530
14543166
14543166
14525412
14524193
14520581
14518726
14503186
14503186
14489696
14479701
14461469
14435526
14422259
14405553
14400086
14408608
14390522
14390522
14379263
14371370
14357809
14355859
14335737
14314410
14310534
14304324
14290115
14285547
14277600
14258107
14240483
14221090
14222682
14198640
14189174
14189174
14189174
14179699
14170951
14164766
14155056
14155056
14162870
14147994
14148778
14130679
14121127
14119081
14105133
14085187
14085532
14071985
14068384
14068384
14062273
14053959
14038604
14031131
14030075
14030075
14034283
14021850
14021850
14027342
14027342
14034827
14031469
14031469
14024566
14029837
14011508
14008046
14004159
14001678
13990813
13971886
13968888
13957023
13950925
13941777
13940789
13932842
13935901
13937318
13936989
13928441
13938122
13938122
13923996
13915538
13915538
13898054
13895792
13890367
13890367
13882789
13882789
13876946
13870205
13870205
13849013
13842011
13825340
13825080
13819355
13811716
13790948
13781753
13765053
13757176
13748865
13748513
13749456
13755315
13746825
13746825
13751846
13747281
13730591
13707409
13713304
13709145
13706428
13705962
13696547
13689009
13665430
13657447
13653454
13643320
13636121
13635357
13636634
13636689
13625638
13620814
13620814
13613355
13612711
13612711
13596186
13596186
13595684
13604046
13590798
13587504
13582878
13585884
13575242
13570154
13568343
13555895
13541690
13523476
13523476
13532874
13516677
13507092
13497232
13482557
13480381
13467591
13458381
13424117
13404447
13390922
13380176
13371742
13371134
13362790
13362790
13359281
13359281
13366409
13366236
13353000
13351540
13351540
13342751
13339922
13310160
13302747
13290065
13276933
13265330
13258424
13248946
13234962
13234962
13216163
13216163
13216163
13212912
13197914
13188079
13190788
13181111
13176357
13167188
13148002
13139773
13130822
13121634
13116622
13103632
13090706
13080300
13067134
13041471
13041539
13032023
13022073
13007734
13007734
13016611
13016193
13016193
13012420
13012420
13010976
13002463
12986658
12980294
12963350
12943032
12924577
12924577
12912096
12898952
12891034
12867741
12858071
12841490
12823827
12809559
12789490
12786981
12787957
12787957
12770456
12759721
12748500
12748237
12724836
12713268
12690245
12691939
12692029
12692029
12677443
12669619
12669619
12661000
12659046
12636050
12639434
12635713
12635713
12635713
12632627
12616739
12612065
12598220
12588734
12577075
12572202
12572202
12572202
12560958
12555465
12552730
12543860
12535200
12535200
12527154
12520026
12525776
12524113
12534620
12521110
12519096
12515892
12511078
12517313
12504806
12497787
12474810
12474810
12477316
12468909
12467305
12468988
12475656
12472914
12472914
12472914
12465664
12447822
12441963
12441963
12429418
12425877
12416879
12407484
12389488
12381445
12376879
12377057
12355585
12351492
12350444
12329245
12325496
12311235
12311235
12314537
12298110
12292967
12286142
12286142
12273985
12273985
12263757
12255177
12250548
12230579
12215110
12214314
12220512
12188058
12188058
12188058
12180947
12188496
12183616
12169547
12159606
12156164
12143255
12137407
12119499
12114866
12104328
12095781
12091513
12100789
12092287
12089080
12079279
12069969
12043875
12034399
12029800
12027338
12017970
11991243
11989293
11973940
11959883
11959883
11950278
11946453
11941868
11937919
11930099
11930099
11922880
11922880
11917584
11889684
11872302
11874412
11882177
11882177
11864313
11860487
11853782
11863451
11863451
11847323
11832395
11823039
11830473
11826482
11817261
11806005
11801993
11805835
11798495
11806858
11805438
11794178
11786695
11774576
11774576
11755181
11743359
11729491
11722372
11697958
11689035
11680141
11669039
11653614
11653614
11652015
11646024
11629818
11627539
11608542
11589343
11579632
11579632
11579355
11577032
11583386
11574033
11568634
11565091
11533185
11513784
11514972
11497103
11488819
11488774
11464564
11442438
11445391
11440970
11449168
11435682
11415070
11408034
11410958
11402995
11400098
11377791
11356875
11356875
11358159
11358159
11346325
11346325
11338974
11338974
11338974
11334004
11328776
11309382
11300290
11288102
11289584
11283485
11281548
11263655
11258407
11244482
11232940
11224966
11212581
11208742
11200806
11178559
11170832
11150851
11150851
11150260
11150739
11126279
11125211
11117983
11105961
11096509
11079555
11081181
11071266
11068387
11068678
11068678
11047563
11023840
11012349
11012349
10996004
10997169
10987201
10981103
10982635
10973758
10953484
10948422
10936491
10930003
10926857
10906850
10897218
10871813
10857775
10845144
10836550
10836550
10830746
10822478
10805159
10791827
10778769
10772984
10758947
10752564
10752564
10746736
10736955
10721504
10711612
10699994
10686914
10673945
10673252
10667655
10667079
10661387
10651858
10649842
10644462
10637249
10636272
10632355
10629010
10611128
10602069
10599153
10582737
10582737
10579570
10583537
10571246
10566376
10560221
10551319
10540474
10538530
10529086
10529086
10525985
10507818
10507837
10503656
10482758
10479318
10479318
10467006
10459258
10457707
10451175
10434878
10417994
10407015
10407015
10402031
10402031
10395551
10391903
10386798
10386798
10365431
10341450
10333968
10316672
10310978
10288644
10280842
10278907
10273887
10265814
10241027
10241027
10224968
10224538
10224538
10218294
10212866
10212866
10218415
10210814
10210113
10214251
10198489
10189051
10159694
10146785
10135970
10120075
10118452
10118452
10114682
10104589
10095333
10087996
10077542
10067424
10056908
10058615
10041409
10038604
10038604
10028833
10028833
10017669
10006839
9982161
9979330
9973824
9956026
9959015
9942260
9933051
9926351
9923957
9914048
9912297
9915496
9904232
9883000
9883000
9883000
9883000
9888526
9896388
9885609
9885609
9877931
9865382
9857175
9847463
9847463
9829546
9819364
9789621
9789621
9787766
9763178
9763178
9751211
9740190
9732769
9725047
9725047
9725047
9729116
9729418
9723975
9721322
9712447
9683472
9667518
9658872
9658872
9651893
9639736
9639736
9639697
9642024
9613317
9613317
9610009
9595388
9590211
9573133
9562577
9562577
9540790
9526246
9526246
9518436
9495454
9489060
9467495
9448602
9448602
9421441
9416764
9407712
9389452
9387063
9387221
9380020
9370207
9367214
9360607
9360607
9360284
9337484
9322408
9311254
9301139
9293077
9284818
9275079
9278830
9278511
9272904
9264725
9260339
9254409
9254409
9260462
9260448
9235907
9202429
9180263
9171847
9173024
9173024
9163500
9153759
9153759
9156554
9139055
9129574
9128286
9131491
9133266
9125746
9120278
9116658
9120336
9114260
9103244
9079216
9064215
9066204
9059816
9051562
9057714
9050425
9042018
9026454
9026454
9025982
9030856
9024328
9002397
8993534
8981681
8975902
8965992
8957024
8957024
8940249
8940249
8935031
8930739
8921671
8907316
8898479
8873108
8869999
8867899
8840476
8840211
8829190
8818518
8810873
8800812
8799854
8809334
8807380
8807380
8795008
8778555
8769354
8747368
8735818
8725821
8703698
8688691
8671115
8657257
8657257
8651351
8653612
8661141
8641796
8624227
8615335
8610161
8603473
8588621
8571412
8573845
8573845
8568464
8583543
8568055
8559054
8553012
8543708
8543708
8546091
8536640
8533637
8521505
8511385
8503185
8495058
8495058
8491245
8475023
8461141
8461141
8443364
8443143
8435892
8430122
8418871
8401976
8397810
8390903
8372881
8376340
8366052
8355751
8360600
8339482
8326837
8320959
8313171
8303032
8286043
8277748
8275804
8262326
8262458
8242934
8235199
8221721
8214401
8214401
8183457
8160242
8149816
8140070
8139292
8124047
8124047
8115292
8123066
8105358
8098392
8087882
8080519
8069162
8060855
8055167
8042524
8021095
8021095
8021095
8017161
8010225
7991059
7991059
7958969
7954082
7945662
7946558
7915522
7903429
7887951
7875732
7866296
7858985
7836810
7842325
7829477
7829477
7818329
7815613
7818244
7812213
7810788
7801557
7794830
7773533
7762416
7758164
7745092
7743567
7743567
7724890
7734665
7724513
7713284
7704952
7688393
7684785
7675020
7674133
7674133
7672287
7672287
7672287
7653984
7633821
7622061
7620883
7605014
7605014
7602341
7602341
7584170
7584170
7578689
7575144
7572630
7571774
7572970
7569220
7567530
7555515
7552045
7536803
7528818
7518411
7480216
7471760
7466456
7466456
7452103
7440933
7436856
7407473
7392454
7387223
7372570
7353758
7340857
7338439
7329425
7318772
7311877
7291239
7284880
7276197
7277586
7260123
7255296
7246183
7223077
7223077
7216681
7200972
7200972
7191844
7180995
7181169
7186204
7171304
7157086
7153239
7147224
7124636
7107339
7082478
7073026
7068430
7059558
7059558
7059455
7029365
7024439
7027311
7024214
7017812
7015598
7015598
7015598
7015178
7012507
7009442
7009442
7009442
6998675
6996565
6995321
6986905
6988922
6979907
6979907
6986366
6983345
6976705
6973182
6973182
6973182
6973182
6974342
6974342
6966906
6946860
6946860
6934451
6924645
6902373
6901464
6898345
6895270
6867081
6852973
6845715
6845715
6845715
6845715
6845715
6830027
6806014
6793835
6792113
6768706
6767564
6757870
6732066
6708479
6706204
6706681
6705790
6698971
6695982
6689721
6686711
6692484
6672789
6678873
6666759
6666302
6665114
6646787
6646787
6632797
6630913
6624211
6605663
6595854
6586034
6581867
6578426
6565329
6559162
6527333
6518294
6520626
6515279
6513169
6507888
6507888
6507888
6484267
6470777
6455407
6447589
6441008
6441008
6431168
6418268
6391121
6381770
6371828
6359164
6359472
6352867
6347935
6344229
6336493
6338918
6329913
6329043
6319845
6296282
6291455
6274506
6254988
6251865
6224981
6215449
6201477
6201477
6201477
6184984
6164600
6151456
6132533
6119580
6112778
6112778
6100457
6091043
6091043
6085903
6073619
6063730
6058429
6054127
6053026
6043973
6023104
6007553
6016332
5995601
5973815
5968276
5951978
5928661
5911859
5909811
5903621
5902366
5892673
5879877
5879735
5879735
5876466
5858733
5850224
5851477
5843081
5831473
5827536
5808224
5809891
5802429
5791889
5785851
5778077
5771789
5771789
5752138
5752138
5743313
5734562
5719796
5719796
5712680
5704469
5694999
5681452
5662500
5646377
5653928
5647074
5638693
5627945
5608888
5585427
5585427
5566504
5557671
5555634
5550158
5534496
5528652
5525428
5523630
5510914
5501085
5501085
5503720
5495702
5494434
5479140
5466067
5457791
5442092
5441727
5430306
5430306
5420525
5393398
5393398
5384339
5377867
5370656
5370656
5367099
5365514
5350931
5350620
5348529
5342027
5321895
5313483
5302481
5294372
5277279
5263868
5262343
5246473
5237382
5234356
5221479
5215278
5205096
5191026
5181356
5163741
5163741
5153021
5140192
5140192
5126748
5107623
5105168
5098489
5083788
5083788
5076192
5058068
5052277
5050378
5039530
5033580
5011384
4990051
4974375
4973984
4967096
4958106
4944419
4936541
4926755
4919297
4916143
4910733
4901800
4880856
4861360
4855951
4855951
4850995
4858422
4858422
4848489
4823366
4822296
4808829
4803782
4795300
4791603
4785558
4776571
4775314
4767817
4759731
4749662
4748043
4744356
4729136
4716175
4719936
4719936
4719936
4705726
4692775
4690357
4674278
4668144
4667378
4659310
4653231
4639568
4631098
4629979
4629599
4632255
4590155
4581803
4581203
4588879
4574440
4557903
4556676
4539831
4531008
4519585
4518615
4518615
4512447
4499484
4494685
4483693
4475628
4451422
4447807
4430650
4412615
4394264
4382369
4370676
4369274
4353882
4353882
4353882
4345096
4344724
4333150
4325188
4307914
4298641
4289195
4274988
4273452
4251515
4228733
4214993
4200759
4193486
4186442
4177175
4173118
4147180
4138850
4129133
4094460
4085106
4082607
4077795
4065424
4057534
4054233
4040473
4037938
4024928
4006339
3995345
3990526
3978193
3950371
3928220
3928220
3926307
3926307
3919086
3907691
3907691
3907691
3878999
3860172
3851007
3844122
3825941
3816273
3814479
3803102
3795486
3783631
3779476
3779174
3769213
3758775
3741342
3734745
3734745
3713496
3698607
3693232
3693232
3689612
3682615
3667218
3659937
3658304
3627728
3617724
3608561
3608561
3608561
3608561
3586428
3575010
3570039
3570039
3546887
3521767
3520715
3500990
3497003
3504077
3494111
3484550
3464746
3452835
3444999
3441256
3431848
3428751
3416001
3397202
3385579
3379364
3374830
3356194
3356194
3351484
3339857
3331813
3322022
3316779
3297852
3290386
3238912
3223377
3209164
3195315
3194282
3179378
3175813
3172742
3169963
3158260
3151972
3151972
3131189
3101647
3090854
3071559
3049745
3040672
3013999
2994741
2992224
2980594
2974983
2968865
2952196
2949698
2949698
2935296
2918965
2914928
2899749
2899749
2899749
2898063
2895208
2876738
2867470
2857827
2837620
2835701
2830936
2829934
2829934
2829934
2828276
2804905
2795185
2788321
2788321
2777594
2766840
2751225
2742263
2740789
2731942
2731942
2721641
2689095
2684869
2677026
2664356
2659170
2652662
2644708
2643804
2640130
2640130
2636539
2619287
2605269
2603133
2592201
2577714
2564437
2542512
2522102
2521208
2500863
2489734
2472074
2462682
2455427
2451140
2438705
2431977
2431977
2423791
2423791
2405086
2403468
2387140
2387140
2381533
2381248
2364362
2353317
2323813
2323813
2314964
2311828
2297552
2288701
2270971
2263358
2250121
2225663
2222889
2215154
2213469
2200398
2191431
2187804
2178510
2170036
2169670
2145763
2141761
2129991
2122626
2109312
2098567
2080560
2071046
2054708
2050480
2032206
2016916
2025363
2025363
2017129
2013789
2010799
2001281
1998190
1994774
1990814
1985475
1980328
1961305
1935259
1924055
1917231
1908506
1893966
1893966
1889112
1889112
1887830
1887830
1866260
1849657
1845430
1836673
1816212
1806112
1796490
1792992
1792992
1792992
1773069
1766178
1761587
1738532
1729829
1728766
1710314
1686970
1686970
1686970
1669457
1669457
1651149
1633167
1616662
1626085
1622742
1611137
1610383
1601676
1591023
1569890
1544185
1526256
1513369
1503498
1490505
1471452
1471452
1469183
1464628
1456739
1456739
1445786
1436113
1436113
1429722
1424927
1405069
1393341
1392064
1376357
1372458
1372458
1365618
1365618
1365618
1357266
1344981
1337832
1317227
1317227
1295612
1289553
1280758
1279048
1276729
1267816
1255792
1249118
1240036
1238787
1226441
1219670
1219670
1203803
1197426
1194232
1185886
1176863
1175413
1160472
1150833
1132073
1114269
1103888
1101065
1075754
1055591
1043636
1032528
1032528
1019705
1018488
1015620
1015352
1009636
983536
974438
962259
953242
941383
928730
900592
892670
873976
873786
858916
852533
843832
836978
836978
829584
803593
797858
790324
774957
746235
743620
734563
701859
689923
680446
669350
659203
633705
620037
612649
612649
582603
566762
562802
557077
528189
503598
501774
496833
485788
474436
456271
437679
429205
422164
411983
393290
377851
371594
359819
359819
357178
344936
344936
332882
332882
319990
304013
273765
273765
266516
257898
231525
222034
215189
204585
202927
193316
183697
183697
183697
162307
145041
125501
125501
118481
98699
96532
88485
84833
77086
53355
34000
27913
20540
20540
16076
#7.











































